{
    "accuracy": 0.569056135484342,
    "precision": 0.7218565362927684,
    "recall": 0.5823968679765098,
    "f1": 0.6446707127451472,
    "roc_auc": 0.5621073230416189,
    "precision_recall_auc": 0.7922829179168129,
    "fbeta_0.5": 0.6888656398998388,
    "fbeta_2": 0.6058046538286055,
    "fbeta_3": 0.5938701920855505,
    "fbeta_4": 0.5890915757631313
}{'bootstrap': True, 'ccp_alpha': 0.0, 'class_weight': None, 'criterion': 'gini', 'max_depth': None, 'max_features': 'sqrt', 'max_leaf_nodes': None, 'max_samples': None, 'min_impurity_decrease': 0.0, 'min_samples_leaf': 5, 'min_samples_split': 2, 'min_weight_fraction_leaf': 0.0, 'n_estimators': 100, 'n_jobs': None, 'oob_score': False, 'random_state': None, 'verbose': 0, 'warm_start': False}