{
    "accuracy": 0.5530148185998978,
    "precision": 0.3258877159309021,
    "recall": 0.6111448561337203,
    "f1": 0.4250964314495622,
    "roc_auc": 0.5713077724559977,
    "precision_recall_auc": 0.5210900748733458,
    "fbeta_0.5": 0.3594422730364047,
    "fbeta_2": 0.5200946531681242,
    "fbeta_3": 0.5619555706333429,
    "fbeta_4": 0.5812181591188256
}{'bootstrap': True, 'ccp_alpha': 0.0, 'class_weight': None, 'criterion': 'gini', 'max_depth': None, 'max_features': 'sqrt', 'max_leaf_nodes': None, 'max_samples': None, 'min_impurity_decrease': 0.0, 'min_samples_leaf': 5, 'min_samples_split': 2, 'min_weight_fraction_leaf': 0.0, 'n_estimators': 100, 'n_jobs': None, 'oob_score': False, 'random_state': None, 'verbose': 0, 'warm_start': False}