{
    "accuracy": 0.8415766356806167,
    "precision": 0.17153558052434456,
    "recall": 0.08366417419684828,
    "f1": 0.112471759274418,
    "roc_auc": 0.5142867593438913,
    "precision_recall_auc": 0.18257113660600183,
    "fbeta_0.5": 0.14175821454806575,
    "fbeta_2": 0.09321422174944236,
    "fbeta_3": 0.08818138410116601,
    "fbeta_4": 0.08626356662436829
}{'ccp_alpha': 0.0, 'class_weight': None, 'criterion': 'gini', 'max_depth': None, 'max_features': None, 'max_leaf_nodes': None, 'min_impurity_decrease': 0.0, 'min_samples_leaf': 1, 'min_samples_split': 2, 'min_weight_fraction_leaf': 0.0, 'random_state': 0, 'splitter': 'best'}