{
    "accuracy": 0.8813164899906727,
    "precision": 0.9210526315789473,
    "recall": 0.0005576533945158772,
    "f1": 0.0011146319326125382,
    "roc_auc": 0.5002756063895683,
    "precision_recall_auc": 0.52014405957609,
    "fbeta_0.5": 0.002781530636573154,
    "fbeta_2": 0.0006969612489545581,
    "fbeta_3": 0.0006195732025738841,
    "fbeta_4": 0.0005924843116128916
}{'bootstrap': True, 'ccp_alpha': 0.0, 'class_weight': None, 'criterion': 'gini', 'max_depth': None, 'max_features': 'sqrt', 'max_leaf_nodes': None, 'max_samples': None, 'min_impurity_decrease': 0.0, 'min_samples_leaf': 5, 'min_samples_split': 2, 'min_weight_fraction_leaf': 0.0, 'n_estimators': 100, 'n_jobs': None, 'oob_score': False, 'random_state': None, 'verbose': 0, 'warm_start': False}{'n_estimators': 100, 'min_samples_leaf': 5}