{
    "accuracy": 0.5128724685007168,
    "precision": 0.14170531045269988,
    "recall": 0.5616886506804023,
    "f1": 0.22631489327603993,
    "roc_auc": 0.533734816044695,
    "precision_recall_auc": 0.3794953069532985,
    "fbeta_0.5": 0.16662256750342985,
    "fbeta_2": 0.3526520465262339,
    "fbeta_3": 0.4332753705006255,
    "fbeta_4": 0.47830156138902485
}{'C': 1.0, 'class_weight': None, 'dual': False, 'fit_intercept': True, 'intercept_scaling': 1, 'l1_ratio': None, 'max_iter': 100, 'multi_class': 'auto', 'n_jobs': None, 'penalty': 'l2', 'random_state': 0, 'solver': 'saga', 'tol': 0.0001, 'verbose': 0, 'warm_start': False}