{
    "accuracy": 0.4756516326526751,
    "precision": 0.09131184053426476,
    "recall": 0.635784933083318,
    "f1": 0.1596890387367502,
    "roc_auc": 0.5489104819952066,
    "precision_recall_auc": 0.3778190015832307,
    "fbeta_0.5": 0.11018363939899833,
    "fbeta_2": 0.28997412321753013,
    "fbeta_3": 0.3982919254658385,
    "fbeta_4": 0.4706895409684043
}{'ccp_alpha': 0.0, 'class_weight': None, 'criterion': 'gini', 'max_depth': None, 'max_features': None, 'max_leaf_nodes': None, 'min_impurity_decrease': 0.0, 'min_samples_leaf': 1, 'min_samples_split': 2, 'min_weight_fraction_leaf': 0.0, 'random_state': 0, 'splitter': 'best'}