{
    "accuracy": 0.4912980057023178,
    "precision": 0.09281954155910957,
    "recall": 0.6259184445392285,
    "f1": 0.1616652081822018,
    "roc_auc": 0.5528850611158808,
    "precision_recall_auc": 0.37402619495296874,
    "fbeta_0.5": 0.11187678133883319,
    "fbeta_2": 0.2913039537425382,
    "fbeta_3": 0.39757537093778017,
    "fbeta_4": 0.4678551954285649
}{'bootstrap': True, 'ccp_alpha': 0.0, 'class_weight': None, 'criterion': 'gini', 'max_depth': None, 'max_features': 'sqrt', 'max_leaf_nodes': None, 'max_samples': None, 'min_impurity_decrease': 0.0, 'min_samples_leaf': 10, 'min_samples_split': 2, 'min_weight_fraction_leaf': 0.0, 'n_estimators': 100, 'n_jobs': None, 'oob_score': False, 'random_state': None, 'verbose': 0, 'warm_start': False}