{
    "accuracy": 0.5271295243464754,
    "precision": 0.14595238463960686,
    "recall": 0.5622952205279147,
    "f1": 0.23175038703615858,
    "roc_auc": 0.5421581263920577,
    "precision_recall_auc": 0.38188365945192576,
    "fbeta_0.5": 0.17132309388950917,
    "fbeta_2": 0.35803153096112456,
    "fbeta_3": 0.4374955271744702,
    "fbeta_4": 0.4814997450520564
}{'bootstrap': True, 'ccp_alpha': 0.0, 'class_weight': None, 'criterion': 'gini', 'max_depth': None, 'max_features': 'sqrt', 'max_leaf_nodes': None, 'max_samples': None, 'min_impurity_decrease': 0.0, 'min_samples_leaf': 10, 'min_samples_split': 2, 'min_weight_fraction_leaf': 0.0, 'n_estimators': 100, 'n_jobs': None, 'oob_score': False, 'random_state': None, 'verbose': 0, 'warm_start': False}