{
    "accuracy": 0.4712837656739639,
    "precision": 0.10571248640293124,
    "recall": 0.616858647139001,
    "f1": 0.1804934028531267,
    "roc_auc": 0.5364849056260839,
    "precision_recall_auc": 0.37936750180036377,
    "fbeta_0.5": 0.126711881304439,
    "fbeta_2": 0.3135958565836652,
    "fbeta_3": 0.4158060712622536,
    "fbeta_4": 0.4802600214562989
}{'alpha': 0.2, 'class_prior': None, 'fit_prior': True, 'force_alpha': True, 'norm': False}