{
    "accuracy": 0.4304676064580862,
    "precision": 0.12685294037807396,
    "recall": 0.6452846422255151,
    "f1": 0.21202504862179355,
    "roc_auc": 0.5234034587258083,
    "precision_recall_auc": 0.40712896078209654,
    "fbeta_0.5": 0.15113831407263145,
    "fbeta_2": 0.3550642388650101,
    "fbeta_3": 0.45807518691541216,
    "fbeta_4": 0.5202212558551652
}{'alpha': 0, 'class_prior': None, 'fit_prior': True, 'force_alpha': True}