{
    "accuracy": 0.48017653094494384,
    "precision": 0.10814233253134102,
    "recall": 0.6219499158136675,
    "f1": 0.18424826387686172,
    "roc_auc": 0.5436750288676884,
    "precision_recall_auc": 0.38288778237272364,
    "fbeta_0.5": 0.12954664380587627,
    "fbeta_2": 0.31890890030114194,
    "fbeta_3": 0.4216262000149471,
    "fbeta_4": 0.4860945961263243
}{'ccp_alpha': 0.0, 'class_weight': None, 'criterion': 'gini', 'max_depth': None, 'max_features': None, 'max_leaf_nodes': None, 'min_impurity_decrease': 0.0, 'min_samples_leaf': 1, 'min_samples_split': 2, 'min_weight_fraction_leaf': 0.0, 'random_state': 0, 'splitter': 'best'}