{
    "accuracy": 0.4255226967006397,
    "precision": 0.077405809181165,
    "recall": 0.6678500555282466,
    "f1": 0.13873214934043326,
    "roc_auc": 0.5376674294304545,
    "precision_recall_auc": 0.38413347165005773,
    "fbeta_0.5": 0.09403259700996697,
    "fbeta_2": 0.26443420178110855,
    "fbeta_3": 0.3788595483801671,
    "fbeta_4": 0.4609994403938089
}{'alpha': 0.2, 'class_prior': None, 'fit_prior': False, 'force_alpha': True}