{
    "accuracy": 0.5278598145516945,
    "precision": 0.26076063915506575,
    "recall": 0.5800041359343765,
    "f1": 0.3597730392135902,
    "roc_auc": 0.5462003711505183,
    "precision_recall_auc": 0.4684131581144042,
    "fbeta_0.5": 0.29301686755715034,
    "fbeta_2": 0.4659208200621071,
    "fbeta_3": 0.5167407108983201,
    "fbeta_4": 0.5410403828434569
}{'activation': 'relu', 'alpha': 0.0001, 'batch_size': 200, 'beta_1': 0.9, 'beta_2': 0.999, 'early_stopping': False, 'epsilon': 1e-08, 'hidden_layer_sizes': (20,), 'learning_rate': 'constant', 'learning_rate_init': 0.001, 'max_fun': 15000, 'max_iter': 200, 'momentum': 0.9, 'n_iter_no_change': 10, 'nesterovs_momentum': True, 'power_t': 0.5, 'random_state': None, 'shuffle': True, 'solver': 'adam', 'tol': 0.0001, 'validation_fraction': 0.1, 'verbose': False, 'warm_start': False}