{
    "accuracy": 0.5081331499409398,
    "precision": 0.14367012238666305,
    "recall": 0.58014925595756,
    "f1": 0.23030639162113106,
    "roc_auc": 0.5389103423676745,
    "precision_recall_auc": 0.38853721783347944,
    "fbeta_0.5": 0.1691174488405441,
    "fbeta_2": 0.36087620244645896,
    "fbeta_3": 0.44496577318361064,
    "fbeta_4": 0.49219011303444227
}{'ccp_alpha': 0.0, 'class_weight': None, 'criterion': 'gini', 'max_depth': None, 'max_features': None, 'max_leaf_nodes': None, 'min_impurity_decrease': 0.0, 'min_samples_leaf': 1, 'min_samples_split': 2, 'min_weight_fraction_leaf': 0.0, 'random_state': 0, 'splitter': 'best'}