{
    "accuracy": 0.49583993148641803,
    "precision": 0.10934685524230495,
    "recall": 0.6075914691183152,
    "f1": 0.18533872207038377,
    "roc_auc": 0.5458920254443438,
    "precision_recall_auc": 0.37698845149063986,
    "fbeta_0.5": 0.1307986836276185,
    "fbeta_2": 0.31789262467576956,
    "fbeta_3": 0.4174006839097606,
    "fbeta_4": 0.4791608163589172
}{'activation': 'relu', 'alpha': 0.0001, 'batch_size': 100, 'beta_1': 0.9, 'beta_2': 0.999, 'early_stopping': False, 'epsilon': 1e-08, 'hidden_layer_sizes': (30,), 'learning_rate': 'constant', 'learning_rate_init': 0.001, 'max_fun': 15000, 'max_iter': 200, 'momentum': 0.9, 'n_iter_no_change': 10, 'nesterovs_momentum': True, 'power_t': 0.5, 'random_state': None, 'shuffle': True, 'solver': 'adam', 'tol': 0.0001, 'validation_fraction': 0.1, 'verbose': False, 'warm_start': False}