{
    "accuracy": 0.4714988165893177,
    "precision": 0.25053267530003004,
    "recall": 0.658142965464948,
    "f1": 0.36291567743362735,
    "roc_auc": 0.5371465704678386,
    "precision_recall_auc": 0.4934326263037678,
    "fbeta_0.5": 0.2859527216974589,
    "fbeta_2": 0.4965636725390878,
    "fbeta_3": 0.5660483402987043,
    "fbeta_4": 0.6006574161821013
}{'alpha': 0.2, 'class_prior': None, 'fit_prior': False, 'force_alpha': True}