{
    "accuracy": 0.5750360572905728,
    "precision": 0.08393345874368338,
    "recall": 0.5178509658273709,
    "f1": 0.14445379740969416,
    "roc_auc": 0.54857182795511,
    "precision_recall_auc": 0.31759365918087934,
    "fbeta_0.5": 0.10083113726774702,
    "fbeta_2": 0.25460283872677103,
    "fbeta_3": 0.34137012507343406,
    "fbeta_4": 0.3970930908144281
}{'activation': 'relu', 'alpha': 0.0001, 'batch_size': 200, 'beta_1': 0.9, 'beta_2': 0.999, 'early_stopping': False, 'epsilon': 1e-08, 'hidden_layer_sizes': (20,), 'learning_rate': 'constant', 'learning_rate_init': 0.001, 'max_fun': 15000, 'max_iter': 200, 'momentum': 0.9, 'n_iter_no_change': 10, 'nesterovs_momentum': True, 'power_t': 0.5, 'random_state': None, 'shuffle': True, 'solver': 'adam', 'tol': 0.0001, 'validation_fraction': 0.1, 'verbose': False, 'warm_start': False}