{
    "accuracy": 0.4806520394205355,
    "precision": 0.09190600583144827,
    "recall": 0.6336683861933542,
    "f1": 0.16052917808791706,
    "roc_auc": 0.550654977379275,
    "precision_recall_auc": 0.37714074097853856,
    "fbeta_0.5": 0.11086268143540412,
    "fbeta_2": 0.29081380145815017,
    "fbeta_3": 0.3986653603805444,
    "fbeta_4": 0.4705168376288896
}{'activation': 'relu', 'alpha': 0.0001, 'batch_size': 200, 'beta_1': 0.9, 'beta_2': 0.999, 'early_stopping': False, 'epsilon': 1e-08, 'hidden_layer_sizes': (20,), 'learning_rate': 'constant', 'learning_rate_init': 0.001, 'max_fun': 15000, 'max_iter': 200, 'momentum': 0.9, 'n_iter_no_change': 10, 'nesterovs_momentum': True, 'power_t': 0.5, 'random_state': None, 'shuffle': True, 'solver': 'adam', 'tol': 0.0001, 'validation_fraction': 0.1, 'verbose': False, 'warm_start': False}