{
    "accuracy": 0.5861770821311609,
    "precision": 0.1333087774294671,
    "recall": 0.4517045605425702,
    "f1": 0.2058625977109704,
    "roc_auc": 0.5280005117498643,
    "precision_recall_auc": 0.32506008012868315,
    "fbeta_0.5": 0.15518618656645342,
    "fbeta_2": 0.30568462487312714,
    "fbeta_3": 0.36461872390520284,
    "fbeta_4": 0.39606023518171146
}{'activation': 'relu', 'alpha': 0.0001, 'batch_size': 200, 'beta_1': 0.9, 'beta_2': 0.999, 'early_stopping': False, 'epsilon': 1e-08, 'hidden_layer_sizes': (15,), 'learning_rate': 'constant', 'learning_rate_init': 0.001, 'max_fun': 15000, 'max_iter': 200, 'momentum': 0.9, 'n_iter_no_change': 10, 'nesterovs_momentum': True, 'power_t': 0.5, 'random_state': None, 'shuffle': True, 'solver': 'adam', 'tol': 0.0001, 'validation_fraction': 0.1, 'verbose': False, 'warm_start': False}