{
    "accuracy": 0.5200523942230135,
    "precision": 0.08088166199181053,
    "recall": 0.5719682487665447,
    "f1": 0.14172244433041428,
    "roc_auc": 0.5440781157114655,
    "precision_recall_auc": 0.34125180155344703,
    "fbeta_0.5": 0.097649924252267,
    "fbeta_2": 0.25830265887342174,
    "fbeta_3": 0.35588605619706637,
    "fbeta_4": 0.4214459176607754
}{'C': 1.0, 'class_weight': None, 'dual': False, 'fit_intercept': True, 'intercept_scaling': 1, 'l1_ratio': None, 'max_iter': 100, 'multi_class': 'auto', 'n_jobs': None, 'penalty': 'l2', 'random_state': 0, 'solver': 'saga', 'tol': 0.0001, 'verbose': 0, 'warm_start': False}