{
    "accuracy": 0.5433018576993588,
    "precision": 0.08246119381275972,
    "recall": 0.5522056547781601,
    "f1": 0.14349429980236475,
    "roc_auc": 0.5474223744602955,
    "precision_recall_auc": 0.33284483870614157,
    "fbeta_0.5": 0.09936686425813437,
    "fbeta_2": 0.25812320913247766,
    "fbeta_3": 0.3518006134560168,
    "fbeta_4": 0.4136089137839824
}{'ccp_alpha': 0.0, 'class_weight': None, 'criterion': 'gini', 'max_depth': None, 'max_features': None, 'max_leaf_nodes': None, 'min_impurity_decrease': 0.0, 'min_samples_leaf': 1, 'min_samples_split': 2, 'min_weight_fraction_leaf': 0.0, 'random_state': 0, 'splitter': 'best'}