{
    "accuracy": 0.4734481490801055,
    "precision": 0.1279379797861237,
    "recall": 0.5904699690369591,
    "f1": 0.21030818238222787,
    "roc_auc": 0.5240750583136193,
    "precision_recall_auc": 0.3835186020991261,
    "fbeta_0.5": 0.15170494255819028,
    "fbeta_2": 0.3426875104413059,
    "fbeta_3": 0.4336817485356576,
    "fbeta_4": 0.48691980252630906
}{'C': 1.0, 'class_weight': None, 'dual': False, 'fit_intercept': True, 'intercept_scaling': 1, 'l1_ratio': None, 'max_iter': 100, 'multi_class': 'auto', 'n_jobs': None, 'penalty': 'l2', 'random_state': 0, 'solver': 'saga', 'tol': 0.0001, 'verbose': 0, 'warm_start': False}