{
    "accuracy": 0.5256084017428584,
    "precision": 0.0912611627483142,
    "recall": 0.5641844856308195,
    "f1": 0.1571087771825301,
    "roc_auc": 0.5432564456548554,
    "precision_recall_auc": 0.34479887590521274,
    "fbeta_0.5": 0.10964257194057266,
    "fbeta_2": 0.27704755551621224,
    "fbeta_3": 0.37161193335209813,
    "fbeta_4": 0.4323820421692079
}{'activation': 'relu', 'alpha': 0.0001, 'batch_size': 200, 'beta_1': 0.9, 'beta_2': 0.999, 'early_stopping': False, 'epsilon': 1e-08, 'hidden_layer_sizes': (20,), 'learning_rate': 'constant', 'learning_rate_init': 0.001, 'max_fun': 15000, 'max_iter': 200, 'momentum': 0.9, 'n_iter_no_change': 10, 'nesterovs_momentum': True, 'power_t': 0.5, 'random_state': None, 'shuffle': True, 'solver': 'adam', 'tol': 0.0001, 'validation_fraction': 0.1, 'verbose': False, 'warm_start': False}