{
    "accuracy": 0.49717059844066014,
    "precision": 0.14075054261828235,
    "recall": 0.5806713037771403,
    "f1": 0.22657977852447947,
    "roc_auc": 0.5328559113249172,
    "precision_recall_auc": 0.38730534284718465,
    "fbeta_0.5": 0.1658857975758922,
    "fbeta_2": 0.3573126549213515,
    "fbeta_3": 0.4423981951186991,
    "fbeta_4": 0.4904919106818922
}{'C': 1.0, 'class_weight': None, 'dual': False, 'fit_intercept': True, 'intercept_scaling': 1, 'l1_ratio': None, 'max_iter': 100, 'multi_class': 'auto', 'n_jobs': None, 'penalty': 'l2', 'random_state': 0, 'solver': 'saga', 'tol': 0.0001, 'verbose': 0, 'warm_start': False}