{
    "accuracy": 0.5508759383251632,
    "precision": 0.13119100452814886,
    "recall": 0.49485100032397006,
    "f1": 0.207398223509287,
    "roc_auc": 0.5266379846508363,
    "precision_recall_auc": 0.34301272201984656,
    "fbeta_0.5": 0.1537954928470859,
    "fbeta_2": 0.3183554510790088,
    "fbeta_3": 0.38745023026623554,
    "fbeta_4": 0.4254739919545466
}{'activation': 'relu', 'alpha': 0.0001, 'batch_size': 200, 'beta_1': 0.9, 'beta_2': 0.999, 'early_stopping': False, 'epsilon': 1e-08, 'hidden_layer_sizes': (15,), 'learning_rate': 'constant', 'learning_rate_init': 0.001, 'max_fun': 15000, 'max_iter': 200, 'momentum': 0.9, 'n_iter_no_change': 10, 'nesterovs_momentum': True, 'power_t': 0.5, 'random_state': None, 'shuffle': True, 'solver': 'adam', 'tol': 0.0001, 'validation_fraction': 0.1, 'verbose': False, 'warm_start': False}