{
    "accuracy": 0.5503934927232699,
    "precision": 0.13132052772198885,
    "recall": 0.49623716733319523,
    "f1": 0.20768170704601022,
    "roc_auc": 0.526963953078827,
    "precision_recall_auc": 0.34368826757752674,
    "fbeta_0.5": 0.15396464395964454,
    "fbeta_2": 0.3189667002806782,
    "fbeta_3": 0.3883277253926667,
    "fbeta_4": 0.4265183727227934
}{'bootstrap': True, 'ccp_alpha': 0.0, 'class_weight': None, 'criterion': 'gini', 'max_depth': None, 'max_features': 'sqrt', 'max_leaf_nodes': None, 'max_samples': None, 'min_impurity_decrease': 0.0, 'min_samples_leaf': 10, 'min_samples_split': 2, 'min_weight_fraction_leaf': 0.0, 'n_estimators': 100, 'n_jobs': None, 'oob_score': False, 'random_state': None, 'verbose': 0, 'warm_start': False}