{
    "accuracy": 0.49316283138179356,
    "precision": 0.25572898780312175,
    "recall": 0.6365037568070586,
    "f1": 0.3648654735985269,
    "roc_auc": 0.5435796799662491,
    "precision_recall_auc": 0.4876858403725518,
    "fbeta_0.5": 0.29048417804745763,
    "fbeta_2": 0.49044994667267217,
    "fbeta_3": 0.5540125253044027,
    "fbeta_4": 0.5852440313832397
}{'activation': 'relu', 'alpha': 0.0001, 'batch_size': 200, 'beta_1': 0.9, 'beta_2': 0.999, 'early_stopping': False, 'epsilon': 1e-08, 'hidden_layer_sizes': (20,), 'learning_rate': 'constant', 'learning_rate_init': 0.001, 'max_fun': 15000, 'max_iter': 200, 'momentum': 0.9, 'n_iter_no_change': 10, 'nesterovs_momentum': True, 'power_t': 0.5, 'random_state': None, 'shuffle': True, 'solver': 'adam', 'tol': 0.0001, 'validation_fraction': 0.1, 'verbose': False, 'warm_start': False}