{
    "accuracy": 0.41148195306592605,
    "precision": 0.08680101872463276,
    "recall": 0.6837895041807837,
    "f1": 0.1540471204663095,
    "roc_auc": 0.5360590260938898,
    "precision_recall_auc": 0.3976849690276087,
    "fbeta_0.5": 0.10516386809754975,
    "fbeta_2": 0.2878467274699557,
    "fbeta_3": 0.4051445688112065,
    "fbeta_4": 0.4868323887813173
}{'alpha': 0.2, 'class_prior': None, 'fit_prior': True, 'force_alpha': True, 'norm': False}