{
    "accuracy": 0.4784416187216642,
    "precision": 0.10791859132428021,
    "recall": 0.6228385493225005,
    "f1": 0.1839622362248855,
    "roc_auc": 0.5431151694469853,
    "precision_recall_auc": 0.38317829044187646,
    "fbeta_0.5": 0.12929743111183112,
    "fbeta_2": 0.3187057167981117,
    "fbeta_3": 0.4216524139203782,
    "fbeta_4": 0.4863384070722589
}{'C': 1.0, 'class_weight': None, 'dual': False, 'fit_intercept': True, 'intercept_scaling': 1, 'l1_ratio': None, 'max_iter': 100, 'multi_class': 'auto', 'n_jobs': None, 'penalty': 'l2', 'random_state': 0, 'solver': 'saga', 'tol': 0.0001, 'verbose': 0, 'warm_start': False}