{
    "accuracy": 0.5216673436646142,
    "precision": 0.36100231671462857,
    "recall": 0.6308479930287021,
    "f1": 0.45921765560988503,
    "roc_auc": 0.5503387277356103,
    "precision_recall_auc": 0.5553470668112791,
    "fbeta_0.5": 0.3947754089309287,
    "fbeta_2": 0.5488030222149222,
    "fbeta_3": 0.5869723853217207,
    "fbeta_4": 0.6042778888792278
}{'bootstrap': True, 'ccp_alpha': 0.0, 'class_weight': None, 'criterion': 'gini', 'max_depth': None, 'max_features': 'sqrt', 'max_leaf_nodes': None, 'max_samples': None, 'min_impurity_decrease': 0.0, 'min_samples_leaf': 5, 'min_samples_split': 2, 'min_weight_fraction_leaf': 0.0, 'n_estimators': 100, 'n_jobs': None, 'oob_score': False, 'random_state': None, 'verbose': 0, 'warm_start': False}