{
    "accuracy": 0.5310647669030966,
    "precision": 0.12766633676909583,
    "recall": 0.5056004333763523,
    "f1": 0.20385770497068975,
    "roc_auc": 0.520048184674024,
    "precision_recall_auc": 0.34598688904675146,
    "fbeta_0.5": 0.15010723634853373,
    "fbeta_2": 0.31757516802971897,
    "fbeta_3": 0.39011394971165275,
    "fbeta_4": 0.43061455813916355
}{'C': 1.0, 'class_weight': None, 'dual': False, 'fit_intercept': True, 'intercept_scaling': 1, 'l1_ratio': None, 'max_iter': 100, 'multi_class': 'auto', 'n_jobs': None, 'penalty': 'l2', 'random_state': 0, 'solver': 'saga', 'tol': 0.0001, 'verbose': 0, 'warm_start': False}