{
    "accuracy": 0.5334278043806061,
    "precision": 0.10676839019189766,
    "recall": 0.5353114894299382,
    "f1": 0.1780287711595124,
    "roc_auc": 0.5342714829829254,
    "precision_recall_auc": 0.34297040331816503,
    "fbeta_0.5": 0.12712184428617307,
    "fbeta_2": 0.29694115658763953,
    "fbeta_3": 0.3819898045782136,
    "fbeta_4": 0.433063558157991
}{'bootstrap': True, 'ccp_alpha': 0.0, 'class_weight': None, 'criterion': 'gini', 'max_depth': None, 'max_features': 'sqrt', 'max_leaf_nodes': None, 'max_samples': None, 'min_impurity_decrease': 0.0, 'min_samples_leaf': 10, 'min_samples_split': 2, 'min_weight_fraction_leaf': 0.0, 'n_estimators': 100, 'n_jobs': None, 'oob_score': False, 'random_state': None, 'verbose': 0, 'warm_start': False}