{
    "accuracy": 0.6236205366687037,
    "precision": 0.08226818698079477,
    "recall": 0.43649753308937317,
    "f1": 0.13844346023478596,
    "roc_auc": 0.5370233842649053,
    "precision_recall_auc": 0.278902356828555,
    "fbeta_0.5": 0.0982078415534006,
    "fbeta_2": 0.23453013759466604,
    "fbeta_3": 0.305119538187825,
    "fbeta_4": 0.3482836764043638
}{'activation': 'relu', 'alpha': 0.0001, 'batch_size': 200, 'beta_1': 0.9, 'beta_2': 0.999, 'early_stopping': False, 'epsilon': 1e-08, 'hidden_layer_sizes': (20,), 'learning_rate': 'constant', 'learning_rate_init': 0.001, 'max_fun': 15000, 'max_iter': 200, 'momentum': 0.9, 'n_iter_no_change': 10, 'nesterovs_momentum': True, 'power_t': 0.5, 'random_state': None, 'shuffle': True, 'solver': 'adam', 'tol': 0.0001, 'validation_fraction': 0.1, 'verbose': False, 'warm_start': False}