{
    "accuracy": 0.5611239658163641,
    "precision": 0.14031236096854582,
    "recall": 0.4798166369182274,
    "f1": 0.2171296791067863,
    "roc_auc": 0.5263760261454211,
    "precision_recall_auc": 0.34305526436698336,
    "fbeta_0.5": 0.1634416745954943,
    "fbeta_2": 0.3233426119634019,
    "fbeta_3": 0.3863372422360049,
    "fbeta_4": 0.42003282222489624
}{'bootstrap': True, 'ccp_alpha': 0.0, 'class_weight': None, 'criterion': 'gini', 'max_depth': None, 'max_features': 'sqrt', 'max_leaf_nodes': None, 'max_samples': None, 'min_impurity_decrease': 0.0, 'min_samples_leaf': 10, 'min_samples_split': 2, 'min_weight_fraction_leaf': 0.0, 'n_estimators': 100, 'n_jobs': None, 'oob_score': False, 'random_state': None, 'verbose': 0, 'warm_start': False}