{
    "accuracy": 0.5035332045550432,
    "precision": 0.24062846697848092,
    "recall": 0.5430178534500586,
    "f1": 0.3334809344760992,
    "roc_auc": 0.5174210147449411,
    "precision_recall_auc": 0.444083685884475,
    "fbeta_0.5": 0.2707870022678905,
    "fbeta_2": 0.4339515128225016,
    "fbeta_3": 0.4823967406333994,
    "fbeta_4": 0.5056401856088502
}{'alpha': 0.2, 'class_prior': None, 'fit_prior': True, 'force_alpha': True, 'norm': False}