{
    "accuracy": 0.5412282875829854,
    "precision": 0.10518324557243657,
    "recall": 0.5142381805061871,
    "f1": 0.17464439732196044,
    "roc_auc": 0.5291397615191007,
    "precision_recall_auc": 0.3326357081990896,
    "fbeta_0.5": 0.1250828847804041,
    "fbeta_2": 0.2892561983471074,
    "fbeta_3": 0.37024921406528494,
    "fbeta_4": 0.4185006385916632
}{'C': 1.0, 'class_weight': None, 'dual': False, 'fit_intercept': True, 'intercept_scaling': 1, 'l1_ratio': None, 'max_iter': 100, 'multi_class': 'auto', 'n_jobs': None, 'penalty': 'l2', 'random_state': 0, 'solver': 'saga', 'tol': 0.0001, 'verbose': 0, 'warm_start': False}