{
    "accuracy": 0.48703924080089755,
    "precision": 0.08169497451045446,
    "recall": 0.6253754983887706,
    "f1": 0.14451186227830207,
    "roc_auc": 0.5510587667392435,
    "precision_recall_auc": 0.36651207716877815,
    "fbeta_0.5": 0.0988891595026005,
    "fbeta_2": 0.26828622508394195,
    "fbeta_3": 0.375488011438447,
    "fbeta_4": 0.44943482964076387
}{'ccp_alpha': 0.0, 'class_weight': None, 'criterion': 'gini', 'max_depth': None, 'max_features': None, 'max_leaf_nodes': None, 'min_impurity_decrease': 0.0, 'min_samples_leaf': 1, 'min_samples_split': 2, 'min_weight_fraction_leaf': 0.0, 'random_state': 0, 'splitter': 'best'}