{
    "accuracy": 0.4342031052288594,
    "precision": 0.1453514287611081,
    "recall": 0.6960668543918612,
    "f1": 0.24048517562510296,
    "roc_auc": 0.5457973869358027,
    "precision_recall_auc": 0.44026512833265147,
    "fbeta_0.5": 0.17267487189656178,
    "fbeta_2": 0.3959940675820229,
    "fbeta_3": 0.5048039709752539,
    "fbeta_4": 0.5692057964428734
}{'bootstrap': True, 'ccp_alpha': 0.0, 'class_weight': None, 'criterion': 'gini', 'max_depth': None, 'max_features': 'sqrt', 'max_leaf_nodes': None, 'max_samples': None, 'min_impurity_decrease': 0.0, 'min_samples_leaf': 10, 'min_samples_split': 2, 'min_weight_fraction_leaf': 0.0, 'n_estimators': 100, 'n_jobs': None, 'oob_score': False, 'random_state': None, 'verbose': 0, 'warm_start': False}