{
    "accuracy": 0.470156167326009,
    "precision": 0.07713936317062099,
    "recall": 0.6063684526735486,
    "f1": 0.13686712924627742,
    "roc_auc": 0.5331927572047612,
    "precision_recall_auc": 0.35538914499206964,
    "fbeta_0.5": 0.09345206996924213,
    "fbeta_2": 0.25562111648697106,
    "fbeta_3": 0.3596344698830697,
    "fbeta_4": 0.4320187151494435
}{'bootstrap': True, 'ccp_alpha': 0.0, 'class_weight': None, 'criterion': 'gini', 'max_depth': None, 'max_features': 'sqrt', 'max_leaf_nodes': None, 'max_samples': None, 'min_impurity_decrease': 0.0, 'min_samples_leaf': 10, 'min_samples_split': 2, 'min_weight_fraction_leaf': 0.0, 'n_estimators': 100, 'n_jobs': None, 'oob_score': False, 'random_state': None, 'verbose': 0, 'warm_start': False}