{
    "accuracy": 0.49861415135926684,
    "precision": 0.2500855479461557,
    "recall": 0.5964761839112153,
    "f1": 0.3524139296090942,
    "roc_auc": 0.533034853351393,
    "precision_recall_auc": 0.4694278913835245,
    "fbeta_0.5": 0.28294882993091575,
    "fbeta_2": 0.4670852852168145,
    "fbeta_3": 0.5239100072243574,
    "fbeta_4": 0.5515390955833788
}{'bootstrap': True, 'ccp_alpha': 0.0, 'class_weight': None, 'criterion': 'gini', 'max_depth': None, 'max_features': 'sqrt', 'max_leaf_nodes': None, 'max_samples': None, 'min_impurity_decrease': 0.0, 'min_samples_leaf': 5, 'min_samples_split': 2, 'min_weight_fraction_leaf': 0.0, 'n_estimators': 100, 'n_jobs': None, 'oob_score': False, 'random_state': None, 'verbose': 0, 'warm_start': False}