{
    "accuracy": 0.5751199334540393,
    "precision": 0.07256973923590054,
    "recall": 0.43573288182496767,
    "f1": 0.12441809386915917,
    "roc_auc": 0.5106141189782604,
    "precision_recall_auc": 0.2736972945334209,
    "fbeta_0.5": 0.08708620091156057,
    "fbeta_2": 0.21777207975134116,
    "fbeta_3": 0.29040469918448614,
    "fbeta_4": 0.33663637898053334
}{'activation': 'relu', 'alpha': 0.0001, 'batch_size': 200, 'beta_1': 0.9, 'beta_2': 0.999, 'early_stopping': False, 'epsilon': 1e-08, 'hidden_layer_sizes': (20,), 'learning_rate': 'constant', 'learning_rate_init': 0.001, 'max_fun': 15000, 'max_iter': 200, 'momentum': 0.9, 'n_iter_no_change': 10, 'nesterovs_momentum': True, 'power_t': 0.5, 'random_state': None, 'shuffle': True, 'solver': 'adam', 'tol': 0.0001, 'validation_fraction': 0.1, 'verbose': False, 'warm_start': False}