{
    "accuracy": 0.47723455874516213,
    "precision": 0.09067600394526354,
    "recall": 0.6281396116176695,
    "f1": 0.1584751045137345,
    "roc_auc": 0.5462716079016052,
    "precision_recall_auc": 0.3739779802825717,
    "fbeta_0.5": 0.10939696555590596,
    "fbeta_2": 0.2874176526257259,
    "fbeta_3": 0.39437929170182556,
    "fbeta_4": 0.4657493375566837
}{'bootstrap': True, 'ccp_alpha': 0.0, 'class_weight': None, 'criterion': 'gini', 'max_depth': None, 'max_features': 'sqrt', 'max_leaf_nodes': None, 'max_samples': None, 'min_impurity_decrease': 0.0, 'min_samples_leaf': 10, 'min_samples_split': 2, 'min_weight_fraction_leaf': 0.0, 'n_estimators': 100, 'n_jobs': None, 'oob_score': False, 'random_state': None, 'verbose': 0, 'warm_start': False}