{
    "accuracy": 0.4193221670825789,
    "precision": 0.07090894852029175,
    "recall": 0.6099277222495312,
    "f1": 0.12704760279492214,
    "roc_auc": 0.5075309815739811,
    "precision_recall_auc": 0.3539302808010792,
    "fbeta_0.5": 0.086132780462772,
    "fbeta_2": 0.24200480809516792,
    "fbeta_3": 0.3465190871751271,
    "fbeta_4": 0.421468004647411
}{'C': 1.0, 'class_weight': None, 'dual': False, 'fit_intercept': True, 'intercept_scaling': 1, 'l1_ratio': None, 'max_iter': 100, 'multi_class': 'auto', 'n_jobs': None, 'penalty': 'l2', 'random_state': 0, 'solver': 'saga', 'tol': 0.0001, 'verbose': 0, 'warm_start': False}