{
    "accuracy": 0.5324447613509178,
    "precision": 0.19114119876238217,
    "recall": 0.5594615465618309,
    "f1": 0.2849340782122905,
    "roc_auc": 0.5432545918203535,
    "precision_recall_auc": 0.41197761470981586,
    "fbeta_0.5": 0.22012496098421966,
    "fbeta_2": 0.4038293926280264,
    "fbeta_3": 0.46907327237357516,
    "fbeta_4": 0.5025027354833924
}{'bootstrap': True, 'ccp_alpha': 0.0, 'class_weight': None, 'criterion': 'gini', 'max_depth': None, 'max_features': 'sqrt', 'max_leaf_nodes': None, 'max_samples': None, 'min_impurity_decrease': 0.0, 'min_samples_leaf': 5, 'min_samples_split': 2, 'min_weight_fraction_leaf': 0.0, 'n_estimators': 100, 'n_jobs': None, 'oob_score': False, 'random_state': None, 'verbose': 0, 'warm_start': False}