{
    "accuracy": 0.5701693554274034,
    "precision": 0.7283187775438112,
    "recall": 0.5736243021822663,
    "f1": 0.6417812837450761,
    "roc_auc": 0.5683697708084007,
    "precision_recall_auc": 0.7940720094836924,
    "fbeta_0.5": 0.6910466142034883,
    "fbeta_2": 0.5990728454256524,
    "fbeta_3": 0.586072446095057,
    "fbeta_4": 0.5808818885225795
}{'bootstrap': True, 'ccp_alpha': 0.0, 'class_weight': None, 'criterion': 'gini', 'max_depth': None, 'max_features': 'sqrt', 'max_leaf_nodes': None, 'max_samples': None, 'min_impurity_decrease': 0.0, 'min_samples_leaf': 5, 'min_samples_split': 2, 'min_weight_fraction_leaf': 0.0, 'n_estimators': 100, 'n_jobs': None, 'oob_score': False, 'random_state': None, 'verbose': 0, 'warm_start': False}{'n_estimators': 100, 'min_samples_leaf': 5}