{
    "accuracy": 0.5341590130485955,
    "precision": 0.3693114139478977,
    "recall": 0.3693114139478977,
    "f1": 0.36931141394789774,
    "roc_auc": 0.5,
    "precision_recall_auc": 0.3693114139478977,
    "fbeta_0.5": 0.3693114139478977,
    "fbeta_2": 0.3693114139478977,
    "fbeta_3": 0.3693114139478976,
    "fbeta_4": 0.3693114139478977
}