{
    "accuracy": 0.6828837449891685,
    "precision": 0.1976064278219786,
    "recall": 0.1976064278219786,
    "f1": 0.1976064278219786,
    "roc_auc": 0.5,
    "precision_recall_auc": 0.1976064278219786,
    "fbeta_0.5": 0.1976064278219786,
    "fbeta_2": 0.1976064278219786,
    "fbeta_3": 0.1976064278219786,
    "fbeta_4": 0.1976064278219786
}