{
    "accuracy": 0.5612514295447356,
    "precision": 0.7086577203192732,
    "recall": 0.5881697237729283,
    "f1": 0.6428164633753781,
    "roc_auc": 0.5472304469652889,
    "precision_recall_auc": 0.7866324484738205,
    "fbeta_0.5": 0.6807663905881564,
    "fbeta_2": 0.608874228599198,
    "fbeta_3": 0.5983429198868975,
    "fbeta_4": 0.5941116382808129
}{'C': 1.0, 'class_weight': None, 'dual': False, 'fit_intercept': True, 'intercept_scaling': 1, 'l1_ratio': None, 'max_iter': 100, 'multi_class': 'auto', 'n_jobs': None, 'penalty': 'l2', 'random_state': 0, 'solver': 'saga', 'tol': 0.0001, 'verbose': 0, 'warm_start': False}