{
    "accuracy": 0.5399985946353398,
    "precision": 0.3260186774990578,
    "recall": 0.49603891000998235,
    "f1": 0.3934467654986523,
    "roc_auc": 0.527473136715205,
    "precision_recall_auc": 0.4868162770658147,
    "fbeta_0.5": 0.3500124388920694,
    "fbeta_2": 0.4491881724359442,
    "fbeta_3": 0.4714524490092534,
    "fbeta_4": 0.48127496318025614
}{'ccp_alpha': 0.0, 'class_weight': None, 'criterion': 'gini', 'max_depth': None, 'max_features': None, 'max_leaf_nodes': None, 'min_impurity_decrease': 0.0, 'min_samples_leaf': 1, 'min_samples_split': 2, 'min_weight_fraction_leaf': 0.0, 'random_state': 0, 'splitter': 'best'}