{
    "accuracy": 0.5506498014796815,
    "precision": 0.4144700460829493,
    "recall": 0.5290899464674392,
    "f1": 0.4648182123569084,
    "roc_auc": 0.5461687873406906,
    "precision_recall_auc": 0.5586190754880558,
    "fbeta_0.5": 0.43324116802666696,
    "fbeta_2": 0.5013601498394576,
    "fbeta_3": 0.5148519385658105,
    "fbeta_4": 0.5206208033124038
}{'bootstrap': True, 'ccp_alpha': 0.0, 'class_weight': None, 'criterion': 'gini', 'max_depth': None, 'max_features': 'sqrt', 'max_leaf_nodes': None, 'max_samples': None, 'min_impurity_decrease': 0.0, 'min_samples_leaf': 5, 'min_samples_split': 2, 'min_weight_fraction_leaf': 0.0, 'n_estimators': 100, 'n_jobs': None, 'oob_score': False, 'random_state': None, 'verbose': 0, 'warm_start': False}{'n_estimators': 100, 'min_samples_leaf': 5}