{
    "accuracy": 0.5828040976226975,
    "precision": 0.7079076806659099,
    "recall": 0.6443304574784311,
    "f1": 0.6746244864264771,
    "roc_auc": 0.5507567467615677,
    "precision_recall_auc": 0.7954890960814412,
    "fbeta_0.5": 0.6942079362599592,
    "fbeta_2": 0.656115612484081,
    "fbeta_3": 0.6501696341206916,
    "fbeta_4": 0.6477524976714125
}{'activation': 'relu', 'alpha': 0.0001, 'batch_size': 100, 'beta_1': 0.9, 'beta_2': 0.999, 'early_stopping': False, 'epsilon': 1e-08, 'hidden_layer_sizes': (30,), 'learning_rate': 'constant', 'learning_rate_init': 0.001, 'max_fun': 15000, 'max_iter': 200, 'momentum': 0.9, 'n_iter_no_change': 10, 'nesterovs_momentum': True, 'power_t': 0.5, 'random_state': None, 'shuffle': True, 'solver': 'adam', 'tol': 0.0001, 'validation_fraction': 0.1, 'verbose': False, 'warm_start': False}{'hidden_layer_sizes': (30,), 'batch_size': 100}