{
    "accuracy": 0.5679722576274301,
    "precision": 0.3921479872050214,
    "recall": 0.4264011025068907,
    "f1": 0.40855786462099536,
    "roc_auc": 0.5352934307291657,
    "precision_recall_auc": 0.509639696945246,
    "fbeta_0.5": 0.3985511691243222,
    "fbeta_2": 0.4190799912281833,
    "fbeta_3": 0.42270884972448297,
    "fbeta_4": 0.4242214174062994
}{'activation': 'relu', 'alpha': 0.0001, 'batch_size': 200, 'beta_1': 0.9, 'beta_2': 0.999, 'early_stopping': False, 'epsilon': 1e-08, 'hidden_layer_sizes': (30, 30), 'learning_rate': 'constant', 'learning_rate_init': 0.001, 'max_fun': 15000, 'max_iter': 200, 'momentum': 0.9, 'n_iter_no_change': 10, 'nesterovs_momentum': True, 'power_t': 0.5, 'random_state': None, 'shuffle': True, 'solver': 'adam', 'tol': 0.0001, 'validation_fraction': 0.1, 'verbose': False, 'warm_start': False}{'hidden_layer_sizes': (30, 30), 'batch_size': 200}