{
    "accuracy": 0.4894946053378762,
    "precision": 0.21103859479493997,
    "recall": 0.580187843345738,
    "f1": 0.30949933236437543,
    "roc_auc": 0.5237025752155764,
    "precision_recall_auc": 0.43700578448334737,
    "fbeta_0.5": 0.24180921149812404,
    "fbeta_2": 0.4298195519321531,
    "fbeta_3": 0.49381040184311636,
    "fbeta_4": 0.5260593515702717
}{'activation': 'relu', 'alpha': 0.0001, 'batch_size': 200, 'beta_1': 0.9, 'beta_2': 0.999, 'early_stopping': False, 'epsilon': 1e-08, 'hidden_layer_sizes': (30, 30), 'learning_rate': 'constant', 'learning_rate_init': 0.001, 'max_fun': 15000, 'max_iter': 200, 'momentum': 0.9, 'n_iter_no_change': 10, 'nesterovs_momentum': True, 'power_t': 0.5, 'random_state': None, 'shuffle': True, 'solver': 'adam', 'tol': 0.0001, 'validation_fraction': 0.1, 'verbose': False, 'warm_start': False}{'hidden_layer_sizes': (30, 30), 'batch_size': 200}