{
    "accuracy": 0.5479233410267893,
    "precision": 0.38957039980134095,
    "recall": 0.5147657172857331,
    "f1": 0.44350210612614144,
    "roc_auc": 0.5402695767718521,
    "precision_recall_auc": 0.5370716606885184,
    "fbeta_0.5": 0.40948860907515294,
    "fbeta_2": 0.4836780248375202,
    "fbeta_3": 0.4987378955600628,
    "fbeta_4": 0.5052151411478994
}{'ccp_alpha': 0.0, 'class_weight': None, 'criterion': 'gini', 'max_depth': None, 'max_features': None, 'max_leaf_nodes': None, 'min_impurity_decrease': 0.0, 'min_samples_leaf': 1, 'min_samples_split': 2, 'min_weight_fraction_leaf': 0.0, 'random_state': 0, 'splitter': 'best'}