{
    "accuracy": 0.5528079908509137,
    "precision": 0.6999229207603704,
    "recall": 0.5842818821141158,
    "f1": 0.636895735884657,
    "roc_auc": 0.5364141258694329,
    "precision_recall_auc": 0.7816259676342892,
    "fbeta_0.5": 0.6732721242449811,
    "fbeta_2": 0.6042486349296798,
    "fbeta_3": 0.5940975425010296,
    "fbeta_4": 0.5900161335732822
}{'alpha': 100, 'class_prior': None, 'fit_prior': True, 'force_alpha': True}{'force_alpha': True, 'fit_prior': True, 'alpha': 100}