{
    "accuracy": 0.5521251437373891,
    "precision": 0.39463335646541753,
    "recall": 0.4014353785516795,
    "f1": 0.39800530751509144,
    "roc_auc": 0.5208056859759636,
    "precision_recall_auc": 0.5084138342157147,
    "fbeta_0.5": 0.3959752573491011,
    "fbeta_2": 0.40005627989869613,
    "fbeta_3": 0.4007446427417886,
    "fbeta_4": 0.40102877528726893
}{'activation': 'relu', 'alpha': 0.0001, 'batch_size': 200, 'beta_1': 0.9, 'beta_2': 0.999, 'early_stopping': False, 'epsilon': 1e-08, 'hidden_layer_sizes': (15,), 'learning_rate': 'constant', 'learning_rate_init': 0.001, 'max_fun': 15000, 'max_iter': 200, 'momentum': 0.9, 'n_iter_no_change': 10, 'nesterovs_momentum': True, 'power_t': 0.5, 'random_state': None, 'shuffle': True, 'solver': 'adam', 'tol': 0.0001, 'validation_fraction': 0.1, 'verbose': False, 'warm_start': False}{'hidden_layer_sizes': (15,), 'batch_size': 200}