{
    "accuracy": 0.520954003407155,
    "precision": 0.21319607424791978,
    "recall": 0.5312333864965444,
    "f1": 0.3042783191230207,
    "roc_auc": 0.5248312144849279,
    "precision_recall_auc": 0.4184340987381081,
    "fbeta_0.5": 0.24219545300305398,
    "fbeta_2": 0.40915977397428555,
    "fbeta_3": 0.46227331606217625,
    "fbeta_4": 0.4883779432481385
}{'C': 1.0, 'class_weight': None, 'dual': False, 'fit_intercept': True, 'intercept_scaling': 1, 'l1_ratio': None, 'max_iter': 100, 'multi_class': 'auto', 'n_jobs': None, 'penalty': 'l2', 'random_state': 0, 'solver': 'saga', 'tol': 0.0001, 'verbose': 0, 'warm_start': False}