{
    "accuracy": 0.7213813981268234,
    "precision": 0.16729788238814625,
    "recall": 0.16729788238814625,
    "f1": 0.16729788238814625,
    "roc_auc": 0.5,
    "precision_recall_auc": 0.16729788238814625,
    "fbeta_0.5": 0.16729788238814627,
    "fbeta_2": 0.16729788238814627,
    "fbeta_3": 0.16729788238814627,
    "fbeta_4": 0.16729788238814627
}