{
    "accuracy": 0.5499772189798442,
    "precision": 0.3960797379088234,
    "recall": 0.41961291840696513,
    "f1": 0.4075068555758684,
    "roc_auc": 0.5228822188624953,
    "precision_recall_auc": 0.5148737304707103,
    "fbeta_0.5": 0.40057280844611676,
    "fbeta_2": 0.41468519272135346,
    "fbeta_3": 0.4171345029239767,
    "fbeta_4": 0.4181514726217529
}{'activation': 'relu', 'alpha': 0.0001, 'batch_size': 50, 'beta_1': 0.9, 'beta_2': 0.999, 'early_stopping': False, 'epsilon': 1e-08, 'hidden_layer_sizes': (30, 30), 'learning_rate': 'constant', 'learning_rate_init': 0.001, 'max_fun': 15000, 'max_iter': 200, 'momentum': 0.9, 'n_iter_no_change': 10, 'nesterovs_momentum': True, 'power_t': 0.5, 'random_state': None, 'shuffle': True, 'solver': 'adam', 'tol': 0.0001, 'validation_fraction': 0.1, 'verbose': False, 'warm_start': False}{'hidden_layer_sizes': (30, 30), 'batch_size': 50}