{
    "accuracy": 0.5467291329360295,
    "precision": 0.3856089499110094,
    "recall": 0.4976374852342827,
    "f1": 0.4345185227630863,
    "roc_auc": 0.5353973227517441,
    "precision_recall_auc": 0.5295238227146306,
    "fbeta_0.5": 0.4037892180877122,
    "fbeta_2": 0.4703102323331307,
    "fbeta_3": 0.483588105122858,
    "fbeta_4": 0.4892759409882606
}{'activation': 'relu', 'alpha': 0.0001, 'batch_size': 100, 'beta_1': 0.9, 'beta_2': 0.999, 'early_stopping': False, 'epsilon': 1e-08, 'hidden_layer_sizes': (30,), 'learning_rate': 'constant', 'learning_rate_init': 0.001, 'max_fun': 15000, 'max_iter': 200, 'momentum': 0.9, 'n_iter_no_change': 10, 'nesterovs_momentum': True, 'power_t': 0.5, 'random_state': None, 'shuffle': True, 'solver': 'adam', 'tol': 0.0001, 'validation_fraction': 0.1, 'verbose': False, 'warm_start': False}{'hidden_layer_sizes': (30,), 'batch_size': 100}