{
    "accuracy": 0.7747037346056794,
    "precision": 0.12938987155928985,
    "recall": 0.12938987155928985,
    "f1": 0.12938987155928985,
    "roc_auc": 0.5,
    "precision_recall_auc": 0.12938987155928985,
    "fbeta_0.5": 0.12938987155928988,
    "fbeta_2": 0.12938987155928988,
    "fbeta_3": 0.12938987155928988,
    "fbeta_4": 0.12938987155928985
}