{
    "accuracy": 0.5447167256366575,
    "precision": 0.2186369004533506,
    "recall": 0.5085061137692717,
    "f1": 0.3057945917143999,
    "roc_auc": 0.5310586895225953,
    "precision_recall_auc": 0.412031735128609,
    "fbeta_0.5": 0.2467707813763093,
    "fbeta_2": 0.4019301612202877,
    "fbeta_3": 0.44898023047495367,
    "fbeta_4": 0.4717176356823401
}{'ccp_alpha': 0.0, 'class_weight': None, 'criterion': 'gini', 'max_depth': None, 'max_features': None, 'max_leaf_nodes': None, 'min_impurity_decrease': 0.0, 'min_samples_leaf': 1, 'min_samples_split': 2, 'min_weight_fraction_leaf': 0.0, 'random_state': 0, 'splitter': 'best'}