{
    "accuracy": 0.529300731162266,
    "precision": 0.39056674123788215,
    "recall": 0.4929701747161598,
    "f1": 0.4358340917956053,
    "roc_auc": 0.5217497649326709,
    "precision_recall_auc": 0.5352682735592387,
    "fbeta_0.5": 0.407496377269677,
    "fbeta_2": 0.4684076376157045,
    "fbeta_3": 0.4803751282624522,
    "fbeta_4": 0.48548255179934574
}{'C': 1.0, 'class_weight': None, 'dual': False, 'fit_intercept': True, 'intercept_scaling': 1, 'l1_ratio': None, 'max_iter': 100, 'multi_class': 'auto', 'n_jobs': None, 'penalty': 'l2', 'random_state': 0, 'solver': 'saga', 'tol': 0.0001, 'verbose': 0, 'warm_start': False}