{
    "accuracy": 0.5566043152250049,
    "precision": 0.39848817483285104,
    "recall": 0.5241173382333639,
    "f1": 0.45274943310657595,
    "roc_auc": 0.5491053561563033,
    "precision_recall_auc": 0.544570063938346,
    "fbeta_0.5": 0.4185533404607677,
    "fbeta_2": 0.4930303479270069,
    "fbeta_3": 0.5080987886807817,
    "fbeta_4": 0.5145745688838356
}{'bootstrap': True, 'ccp_alpha': 0.0, 'class_weight': None, 'criterion': 'gini', 'max_depth': None, 'max_features': 'sqrt', 'max_leaf_nodes': None, 'max_samples': None, 'min_impurity_decrease': 0.0, 'min_samples_leaf': 5, 'min_samples_split': 2, 'min_weight_fraction_leaf': 0.0, 'n_estimators': 100, 'n_jobs': None, 'oob_score': False, 'random_state': None, 'verbose': 0, 'warm_start': False}{'n_estimators': 100, 'min_samples_leaf': 5}