{
    "accuracy": 0.5589913714230379,
    "precision": 0.6717430805346142,
    "recall": 0.6717430805346142,
    "f1": 0.6717430805346142,
    "roc_auc": 0.5,
    "precision_recall_auc": 0.6717430805346142,
    "fbeta_0.5": 0.6717430805346142,
    "fbeta_2": 0.6717430805346142,
    "fbeta_3": 0.6717430805346142,
    "fbeta_4": 0.6717430805346141
}