{
    "accuracy": 0.6054531619021917,
    "precision": 0.2703773074125821,
    "recall": 0.2703773074125821,
    "f1": 0.2703773074125821,
    "roc_auc": 0.5,
    "precision_recall_auc": 0.2703773074125821,
    "fbeta_0.5": 0.2703773074125821,
    "fbeta_2": 0.2703773074125821,
    "fbeta_3": 0.2703773074125821,
    "fbeta_4": 0.27037730741258204
}