{
    "accuracy": 0.5419637833430937,
    "precision": 0.3821164683782091,
    "recall": 0.5005906286914293,
    "f1": 0.433402934617406,
    "roc_auc": 0.5324136305740096,
    "precision_recall_auc": 0.5287374290221479,
    "fbeta_0.5": 0.4011021369678613,
    "fbeta_2": 0.4713617460405736,
    "fbeta_3": 0.485536696911928,
    "fbeta_4": 0.49162434768103336
}{'C': 1.0, 'class_weight': None, 'dual': False, 'fit_intercept': True, 'intercept_scaling': 1, 'l1_ratio': None, 'max_iter': 100, 'multi_class': 'auto', 'n_jobs': None, 'penalty': 'l2', 'random_state': 0, 'solver': 'saga', 'tol': 0.0001, 'verbose': 0, 'warm_start': False}