{
    "accuracy": 0.606404608925276,
    "precision": 0.2693437526043615,
    "recall": 0.2693437526043615,
    "f1": 0.2693437526043615,
    "roc_auc": 0.5,
    "precision_recall_auc": 0.2693437526043615,
    "fbeta_0.5": 0.26934375260436144,
    "fbeta_2": 0.26934375260436144,
    "fbeta_3": 0.26934375260436144,
    "fbeta_4": 0.2693437526043615
}