{
    "accuracy": 0.6188079597011003,
    "precision": 0.6479450277665019,
    "recall": 0.8786632011440765,
    "f1": 0.7458697542446568,
    "roc_auc": 0.5210845630682163,
    "precision_recall_auc": 0.801928409590355,
    "fbeta_0.5": 0.6838583442281191,
    "fbeta_2": 0.8202488861576279,
    "fbeta_3": 0.8484518032840785,
    "fbeta_4": 0.8606365722159244
}{'alpha': 10, 'class_prior': None, 'fit_prior': True, 'force_alpha': True, 'norm': True}{'norm': True, 'force_alpha': True, 'alpha': 10}