{
    "accuracy": 0.4233204849837959,
    "precision": 0.14431750686762196,
    "recall": 0.7062630574984103,
    "f1": 0.23966247977190416,
    "roc_auc": 0.5438975913797974,
    "precision_recall_auc": 0.4441902140935823,
    "fbeta_0.5": 0.1716292221638493,
    "fbeta_2": 0.39705296592858885,
    "fbeta_3": 0.508329138254542,
    "fbeta_4": 0.5746424223980523
}{'bootstrap': True, 'ccp_alpha': 0.0, 'class_weight': None, 'criterion': 'gini', 'max_depth': None, 'max_features': 'sqrt', 'max_leaf_nodes': None, 'max_samples': None, 'min_impurity_decrease': 0.0, 'min_samples_leaf': 10, 'min_samples_split': 2, 'min_weight_fraction_leaf': 0.0, 'n_estimators': 100, 'n_jobs': None, 'oob_score': False, 'random_state': None, 'verbose': 0, 'warm_start': False}