{
    "accuracy": 0.42466473990128495,
    "precision": 0.17481148828949447,
    "recall": 0.6599564744287268,
    "f1": 0.2764072859852104,
    "roc_auc": 0.5188085746042287,
    "precision_recall_auc": 0.44569369769210015,
    "fbeta_0.5": 0.20494287128216415,
    "fbeta_2": 0.4243958484756826,
    "fbeta_3": 0.5165900086274638,
    "fbeta_4": 0.5673385672471543
}{'bootstrap': True, 'ccp_alpha': 0.0, 'class_weight': None, 'criterion': 'gini', 'max_depth': None, 'max_features': 'sqrt', 'max_leaf_nodes': None, 'max_samples': None, 'min_impurity_decrease': 0.0, 'min_samples_leaf': 5, 'min_samples_split': 2, 'min_weight_fraction_leaf': 0.0, 'n_estimators': 100, 'n_jobs': None, 'oob_score': False, 'random_state': None, 'verbose': 0, 'warm_start': False}