{
    "accuracy": 0.5491641725673407,
    "precision": 0.42157474852584115,
    "recall": 0.4837836546881717,
    "f1": 0.4505419551904628,
    "roc_auc": 0.536686129428137,
    "precision_recall_auc": 0.5512934556888128,
    "fbeta_0.5": 0.43270285126756236,
    "fbeta_2": 0.46991521885042825,
    "fbeta_3": 0.4767486012131711,
    "fbeta_4": 0.47962045967128664
}{'bootstrap': True, 'ccp_alpha': 0.0, 'class_weight': None, 'criterion': 'gini', 'max_depth': None, 'max_features': 'sqrt', 'max_leaf_nodes': None, 'max_samples': None, 'min_impurity_decrease': 0.0, 'min_samples_leaf': 5, 'min_samples_split': 2, 'min_weight_fraction_leaf': 0.0, 'n_estimators': 100, 'n_jobs': None, 'oob_score': False, 'random_state': None, 'verbose': 0, 'warm_start': False}