{
    "accuracy": 0.5322955446869602,
    "precision": 0.382230049799587,
    "recall": 0.5473535908719322,
    "f1": 0.4501262310206476,
    "roc_auc": 0.535775116218042,
    "precision_recall_auc": 0.5439460165057963,
    "fbeta_0.5": 0.40677278168003655,
    "fbeta_2": 0.5038232223937086,
    "fbeta_3": 0.5246870868187146,
    "fbeta_4": 0.5337890558740713
}{'bootstrap': True, 'ccp_alpha': 0.0, 'class_weight': None, 'criterion': 'gini', 'max_depth': None, 'max_features': 'sqrt', 'max_leaf_nodes': None, 'max_samples': None, 'min_impurity_decrease': 0.0, 'min_samples_leaf': 10, 'min_samples_split': 2, 'min_weight_fraction_leaf': 0.0, 'n_estimators': 100, 'n_jobs': None, 'oob_score': False, 'random_state': None, 'verbose': 0, 'warm_start': False}