{
    "accuracy": 0.5237486921186462,
    "precision": 0.2756850961538462,
    "recall": 0.5599306708329265,
    "f1": 0.36946296833220577,
    "roc_auc": 0.5358353444908734,
    "precision_recall_auc": 0.4726385280659829,
    "fbeta_0.5": 0.3068380047302576,
    "fbeta_2": 0.4642064956932841,
    "fbeta_3": 0.5075950039391338,
    "fbeta_4": 0.5279127133697253
}{'bootstrap': True, 'ccp_alpha': 0.0, 'class_weight': None, 'criterion': 'gini', 'max_depth': None, 'max_features': 'sqrt', 'max_leaf_nodes': None, 'max_samples': None, 'min_impurity_decrease': 0.0, 'min_samples_leaf': 5, 'min_samples_split': 2, 'min_weight_fraction_leaf': 0.0, 'n_estimators': 100, 'n_jobs': None, 'oob_score': False, 'random_state': None, 'verbose': 0, 'warm_start': False}