{
    "accuracy": 0.5509039589264423,
    "precision": 0.23915681124251675,
    "recall": 0.51693132366927,
    "f1": 0.3270191431175934,
    "roc_auc": 0.5384624233178757,
    "precision_recall_auc": 0.42902710758047663,
    "fbeta_0.5": 0.26795397710806296,
    "fbeta_2": 0.4194867093551359,
    "fbeta_3": 0.4631389236028629,
    "fbeta_4": 0.4838721962598285
}{'bootstrap': True, 'ccp_alpha': 0.0, 'class_weight': None, 'criterion': 'gini', 'max_depth': None, 'max_features': 'sqrt', 'max_leaf_nodes': None, 'max_samples': None, 'min_impurity_decrease': 0.0, 'min_samples_leaf': 10, 'min_samples_split': 2, 'min_weight_fraction_leaf': 0.0, 'n_estimators': 100, 'n_jobs': None, 'oob_score': False, 'random_state': None, 'verbose': 0, 'warm_start': False}