{
    "accuracy": 0.5469620653575686,
    "precision": 0.314266978459102,
    "recall": 0.5714157161818632,
    "f1": 0.4055111196257803,
    "roc_auc": 0.5546573899284797,
    "precision_recall_auc": 0.5007865744660164,
    "fbeta_0.5": 0.3453498774959687,
    "fbeta_2": 0.4910546849323543,
    "fbeta_3": 0.5281961063213012,
    "fbeta_4": 0.5451751744547932
}{'bootstrap': True, 'ccp_alpha': 0.0, 'class_weight': None, 'criterion': 'gini', 'max_depth': None, 'max_features': 'sqrt', 'max_leaf_nodes': None, 'max_samples': None, 'min_impurity_decrease': 0.0, 'min_samples_leaf': 5, 'min_samples_split': 2, 'min_weight_fraction_leaf': 0.0, 'n_estimators': 100, 'n_jobs': None, 'oob_score': False, 'random_state': None, 'verbose': 0, 'warm_start': False}