{
    "accuracy": 0.4975849818721561,
    "precision_micro": 0.4975849818721561,
    "recall_micro": 0.4975849818721561,
    "f1_micro": 0.4975849818721561,
    "fbeta_micro_0.5": 0.49758498187215616,
    "fbeta_micro_2": 0.49758498187215616,
    "fbeta_micro_3": 0.49758498187215616,
    "fbeta_micro_4": 0.4975849818721561,
    "precision_macro": 0.3965720276745824,
    "recall_macro": 0.3681927527332655,
    "f1_macro": 0.3499557627862224,
    "fbeta_macro_0.5": 0.3584416489136833,
    "fbeta_macro_2": 0.3575138802408398,
    "fbeta_macro_3": 0.3622957289569763,
    "fbeta_macro_4": 0.3645851411908865,
    "precision_weighted": 0.5038907009097802,
    "recall_weighted": 0.4975849818721561,
    "f1_weighted": 0.4845095126595935,
    "fbeta_weighted_0.5": 0.48699000093174794,
    "fbeta_weighted_2": 0.49033603963095734,
    "fbeta_weighted_3": 0.49360971247669144,
    "fbeta_weighted_4": 0.4951580666886337
}{'bootstrap': True, 'ccp_alpha': 0.0, 'class_weight': None, 'criterion': 'gini', 'max_depth': None, 'max_features': 'sqrt', 'max_leaf_nodes': None, 'max_samples': None, 'min_impurity_decrease': 0.0, 'min_samples_leaf': 5, 'min_samples_split': 2, 'min_weight_fraction_leaf': 0.0, 'n_estimators': 100, 'n_jobs': None, 'oob_score': False, 'random_state': None, 'verbose': 0, 'warm_start': False}{'n_estimators': 100, 'min_samples_leaf': 5}