{
    "accuracy": 0.5159947989131622,
    "precision_micro": 0.5159947989131622,
    "recall_micro": 0.5159947989131622,
    "f1_micro": 0.5159947989131622,
    "fbeta_micro_0.5": 0.5159947989131622,
    "fbeta_micro_2": 0.5159947989131622,
    "fbeta_micro_3": 0.5159947989131622,
    "fbeta_micro_4": 0.5159947989131622,
    "precision_macro": 0.3995574230302475,
    "recall_macro": 0.3376286213687976,
    "f1_macro": 0.2549742163693933,
    "fbeta_macro_0.5": 0.2503619691041681,
    "fbeta_macro_2": 0.29446911598162956,
    "fbeta_macro_3": 0.31405060464758905,
    "fbeta_macro_4": 0.3232306928897846,
    "precision_weighted": 0.43406371470368077,
    "recall_weighted": 0.5159947989131622,
    "f1_weighted": 0.3762036876089375,
    "fbeta_weighted_0.5": 0.34511551117876293,
    "fbeta_weighted_2": 0.4456870909867258,
    "fbeta_weighted_3": 0.47785376878551605,
    "fbeta_weighted_4": 0.4927610846067112
}{'C': 1.0, 'class_weight': None, 'dual': False, 'fit_intercept': True, 'intercept_scaling': 1, 'l1_ratio': None, 'max_iter': 100, 'multi_class': 'multinomial', 'n_jobs': None, 'penalty': 'l2', 'random_state': 0, 'solver': 'saga', 'tol': 0.0001, 'verbose': 0, 'warm_start': False}