{
    "accuracy": 0.6250865026697455,
    "precision_micro": 0.6250865026697455,
    "recall_micro": 0.6250865026697455,
    "f1_micro": 0.6250865026697455,
    "fbeta_micro_0.5": 0.6250865026697455,
    "fbeta_micro_2": 0.6250865026697455,
    "fbeta_micro_3": 0.6250865026697455,
    "fbeta_micro_4": 0.6250865026697455,
    "precision_macro": 0.3559882381877158,
    "recall_macro": 0.3514911125726257,
    "f1_macro": 0.3208595969869808,
    "fbeta_macro_0.5": 0.31355504383327576,
    "fbeta_macro_2": 0.3353361699010187,
    "fbeta_macro_3": 0.34251212998033864,
    "fbeta_macro_4": 0.3459590992079647,
    "precision_weighted": 0.639826809485034,
    "recall_weighted": 0.6250865026697455,
    "f1_weighted": 0.6213459147795116,
    "fbeta_weighted_0.5": 0.6230132295476283,
    "fbeta_weighted_2": 0.6222160439013241,
    "fbeta_weighted_3": 0.6233351142727832,
    "fbeta_weighted_4": 0.623968634654476
}{'alpha': 1000, 'class_prior': None, 'fit_prior': True, 'force_alpha': True}{'force_alpha': True, 'fit_prior': True, 'alpha': 1000}