{
    "accuracy": 0.7279728447331922,
    "precision_micro": 0.7279728447331922,
    "recall_micro": 0.7279728447331922,
    "f1_micro": 0.7279728447331923,
    "fbeta_micro_0.5": 0.7279728447331922,
    "fbeta_micro_2": 0.7279728447331922,
    "fbeta_micro_3": 0.7279728447331922,
    "fbeta_micro_4": 0.7279728447331922,
    "precision_macro": 0.3619791223667887,
    "recall_macro": 0.33922673199094006,
    "f1_macro": 0.31278508355709583,
    "fbeta_macro_0.5": 0.3136898419208734,
    "fbeta_macro_2": 0.32613964762352077,
    "fbeta_macro_3": 0.3323188100420943,
    "fbeta_macro_4": 0.3350770101839131,
    "precision_weighted": 0.6074443985199733,
    "recall_weighted": 0.7279728447331922,
    "f1_weighted": 0.6460807787513043,
    "fbeta_weighted_0.5": 0.6110219518952742,
    "fbeta_weighted_2": 0.6920249537719882,
    "fbeta_weighted_3": 0.7094480148673008,
    "fbeta_weighted_4": 0.7169394456856067
}{'C': 1.0, 'class_weight': None, 'dual': False, 'fit_intercept': True, 'intercept_scaling': 1, 'l1_ratio': None, 'max_iter': 100, 'multi_class': 'multinomial', 'n_jobs': None, 'penalty': 'l2', 'random_state': 0, 'solver': 'saga', 'tol': 0.0001, 'verbose': 0, 'warm_start': False}