{
    "accuracy": 0.42905808209845003,
    "precision_micro": 0.42905808209845003,
    "recall_micro": 0.42905808209845003,
    "f1_micro": 0.42905808209845003,
    "fbeta_micro_0.5": 0.42905808209845003,
    "fbeta_micro_2": 0.42905808209845003,
    "fbeta_micro_3": 0.42905808209845003,
    "fbeta_micro_4": 0.42905808209845003,
    "precision_macro": 0.3653459892781535,
    "recall_macro": 0.369591625789567,
    "f1_macro": 0.35887797931601945,
    "fbeta_macro_0.5": 0.3608625820269303,
    "fbeta_macro_2": 0.36294777025651825,
    "fbeta_macro_3": 0.3658315952961913,
    "fbeta_macro_4": 0.3672686994149395,
    "precision_weighted": 0.48784387372942317,
    "recall_weighted": 0.42905808209845003,
    "f1_weighted": 0.4486252833264997,
    "fbeta_weighted_0.5": 0.46968665644166885,
    "fbeta_weighted_2": 0.43451509130030014,
    "fbeta_weighted_3": 0.4313732116101012,
    "fbeta_weighted_4": 0.43031730240988275
}{'ccp_alpha': 0.0, 'class_weight': None, 'criterion': 'gini', 'max_depth': None, 'max_features': None, 'max_leaf_nodes': None, 'min_impurity_decrease': 0.0, 'min_samples_leaf': 1, 'min_samples_split': 2, 'min_weight_fraction_leaf': 0.0, 'random_state': 0, 'splitter': 'best'}