{
    "accuracy": 0.5116188529576368,
    "precision_micro": 0.5116188529576368,
    "recall_micro": 0.5116188529576368,
    "f1_micro": 0.5116188529576368,
    "fbeta_micro_0.5": 0.5116188529576368,
    "fbeta_micro_2": 0.5116188529576368,
    "fbeta_micro_3": 0.5116188529576369,
    "fbeta_micro_4": 0.5116188529576368,
    "precision_macro": 0.3885011002563265,
    "recall_macro": 0.3819817850287593,
    "f1_macro": 0.37215834367451645,
    "fbeta_macro_0.5": 0.3780611172781636,
    "fbeta_macro_2": 0.37512359825908637,
    "fbeta_macro_3": 0.37803020199706566,
    "fbeta_macro_4": 0.3795259716318295,
    "precision_weighted": 0.5366138261835103,
    "recall_weighted": 0.5116188529576368,
    "f1_weighted": 0.5153257587751199,
    "fbeta_weighted_0.5": 0.5259530167563337,
    "fbeta_weighted_2": 0.5108124453785199,
    "fbeta_weighted_3": 0.510793915036969,
    "fbeta_weighted_4": 0.5110268144441371
}{'activation': 'relu', 'alpha': 0.0001, 'batch_size': 200, 'beta_1': 0.9, 'beta_2': 0.999, 'early_stopping': False, 'epsilon': 1e-08, 'hidden_layer_sizes': (20,), 'learning_rate': 'constant', 'learning_rate_init': 0.001, 'max_fun': 15000, 'max_iter': 200, 'momentum': 0.9, 'n_iter_no_change': 10, 'nesterovs_momentum': True, 'power_t': 0.5, 'random_state': None, 'shuffle': True, 'solver': 'adam', 'tol': 0.0001, 'validation_fraction': 0.1, 'verbose': False, 'warm_start': False}{'hidden_layer_sizes': (20,), 'batch_size': 200}