{
    "accuracy": 0.4169337626293898,
    "precision_micro": 0.4169337626293898,
    "recall_micro": 0.4169337626293898,
    "f1_micro": 0.4169337626293898,
    "fbeta_micro_0.5": 0.4169337626293898,
    "fbeta_micro_2": 0.4169337626293898,
    "fbeta_micro_3": 0.4169337626293898,
    "fbeta_micro_4": 0.4169337626293898,
    "precision_macro": 0.3628893166596283,
    "recall_macro": 0.3616397964070433,
    "f1_macro": 0.3609805018219989,
    "fbeta_macro_0.5": 0.361797881226719,
    "fbeta_macro_2": 0.3610827747752292,
    "fbeta_macro_3": 0.36131308147023855,
    "fbeta_macro_4": 0.36143597228318763,
    "precision_weighted": 0.4152857283964094,
    "recall_weighted": 0.4169337626293898,
    "f1_weighted": 0.4152178562041941,
    "fbeta_weighted_0.5": 0.4150357166779456,
    "fbeta_weighted_2": 0.41603898160718306,
    "fbeta_weighted_3": 0.41645173468512003,
    "fbeta_weighted_4": 0.4166418211311564
}{'ccp_alpha': 0.0, 'class_weight': None, 'criterion': 'gini', 'max_depth': None, 'max_features': None, 'max_leaf_nodes': None, 'min_impurity_decrease': 0.0, 'min_samples_leaf': 1, 'min_samples_split': 2, 'min_weight_fraction_leaf': 0.0, 'random_state': 0, 'splitter': 'best'}