{
    "accuracy": 0.48653836347875495,
    "precision_micro": 0.48653836347875495,
    "recall_micro": 0.48653836347875495,
    "f1_micro": 0.48653836347875495,
    "fbeta_micro_0.5": 0.4865383634787549,
    "fbeta_micro_2": 0.4865383634787549,
    "fbeta_micro_3": 0.4865383634787549,
    "fbeta_micro_4": 0.48653836347875495,
    "precision_macro": 0.4026789825419008,
    "recall_macro": 0.38985553563926656,
    "f1_macro": 0.37032748589642345,
    "fbeta_macro_0.5": 0.382110366705064,
    "fbeta_macro_2": 0.37572706431815694,
    "fbeta_macro_3": 0.3815714836687348,
    "fbeta_macro_4": 0.38466519158335544,
    "precision_weighted": 0.5342793822246895,
    "recall_weighted": 0.48653836347875495,
    "f1_weighted": 0.49016015622034104,
    "fbeta_weighted_0.5": 0.5115917762380441,
    "fbeta_weighted_2": 0.48256741468103287,
    "fbeta_weighted_3": 0.48350375359714054,
    "fbeta_weighted_4": 0.48448092822021976
}{'bootstrap': True, 'ccp_alpha': 0.0, 'class_weight': None, 'criterion': 'gini', 'max_depth': None, 'max_features': 'sqrt', 'max_leaf_nodes': None, 'max_samples': None, 'min_impurity_decrease': 0.0, 'min_samples_leaf': 10, 'min_samples_split': 2, 'min_weight_fraction_leaf': 0.0, 'n_estimators': 100, 'n_jobs': None, 'oob_score': False, 'random_state': None, 'verbose': 0, 'warm_start': False}{'n_estimators': 100, 'min_samples_leaf': 10}