{
    "accuracy": 0.37105506484658246,
    "precision_micro": 0.37105506484658246,
    "recall_micro": 0.37105506484658246,
    "f1_micro": 0.3710550648465825,
    "fbeta_micro_0.5": 0.37105506484658246,
    "fbeta_micro_2": 0.37105506484658246,
    "fbeta_micro_3": 0.37105506484658246,
    "fbeta_micro_4": 0.37105506484658246,
    "precision_macro": 0.3723076422733235,
    "recall_macro": 0.3717658137724951,
    "f1_macro": 0.37099974509086925,
    "fbeta_macro_0.5": 0.3715284111354545,
    "fbeta_macro_2": 0.3712156671389168,
    "fbeta_macro_3": 0.3714503031971876,
    "fbeta_macro_4": 0.3715704303950322,
    "precision_weighted": 0.3732224022682781,
    "recall_weighted": 0.37105506484658246,
    "f1_weighted": 0.3710958039984006,
    "fbeta_weighted_0.5": 0.37211292353010456,
    "fbeta_weighted_2": 0.37082752653578177,
    "fbeta_weighted_3": 0.3709009463927851,
    "fbeta_weighted_4": 0.3709546484410709
}{'ccp_alpha': 0.0, 'class_weight': None, 'criterion': 'gini', 'max_depth': None, 'max_features': None, 'max_leaf_nodes': None, 'min_impurity_decrease': 0.0, 'min_samples_leaf': 1, 'min_samples_split': 2, 'min_weight_fraction_leaf': 0.0, 'random_state': 0, 'splitter': 'best'}