{
    "accuracy": 0.18837749714091054,
    "precision_micro": 0.18837749714091054,
    "recall_micro": 0.18837749714091054,
    "f1_micro": 0.18837749714091054,
    "fbeta_micro_0.5": 0.18837749714091054,
    "fbeta_micro_2": 0.18837749714091054,
    "fbeta_micro_3": 0.18837749714091054,
    "fbeta_micro_4": 0.1883774971409105,
    "precision_macro": 0.1636584464658463,
    "recall_macro": 0.1642075221084803,
    "f1_macro": 0.13207269863039342,
    "fbeta_macro_0.5": 0.1440288318213875,
    "fbeta_macro_2": 0.13678412800736175,
    "fbeta_macro_3": 0.14510731259634577,
    "fbeta_macro_4": 0.1509220912492495,
    "precision_weighted": 0.3021161496079445,
    "recall_weighted": 0.18837749714091054,
    "f1_weighted": 0.20641853207808447,
    "fbeta_weighted_0.5": 0.24915614265774955,
    "fbeta_weighted_2": 0.18738516415948508,
    "fbeta_weighted_3": 0.18570504455327916,
    "fbeta_weighted_4": 0.18605496467927007
}{'alpha': 1e-05, 'class_prior': None, 'fit_prior': True, 'force_alpha': True}{'force_alpha': True, 'fit_prior': True, 'alpha': 1e-05}