{
    "accuracy": 0.765758054764385,
    "precision_micro": 0.765758054764385,
    "recall_micro": 0.765758054764385,
    "f1_micro": 0.765758054764385,
    "fbeta_micro_0.5": 0.765758054764385,
    "fbeta_micro_2": 0.765758054764385,
    "fbeta_micro_3": 0.765758054764385,
    "fbeta_micro_4": 0.765758054764385,
    "precision_macro": 0.3532957449122415,
    "recall_macro": 0.33626842830877307,
    "f1_macro": 0.3030661348935245,
    "fbeta_macro_0.5": 0.2958259867911769,
    "fbeta_macro_2": 0.3210107673433379,
    "fbeta_macro_3": 0.328337826292525,
    "fbeta_macro_4": 0.3315307199218957,
    "precision_weighted": 0.6325761576666608,
    "recall_weighted": 0.765758054764385,
    "f1_weighted": 0.6767321124972823,
    "fbeta_weighted_0.5": 0.6359950904825481,
    "fbeta_weighted_2": 0.7270703537924085,
    "fbeta_weighted_3": 0.7458687638894212,
    "fbeta_weighted_4": 0.7539224868633422
}{'C': 1.0, 'class_weight': None, 'dual': False, 'fit_intercept': True, 'intercept_scaling': 1, 'l1_ratio': None, 'max_iter': 100, 'multi_class': 'multinomial', 'n_jobs': None, 'penalty': 'l2', 'random_state': 0, 'solver': 'saga', 'tol': 0.0001, 'verbose': 0, 'warm_start': False}