{
    "accuracy": 0.18594978110271781,
    "precision_micro": 0.18594978110271781,
    "recall_micro": 0.18594978110271781,
    "f1_micro": 0.18594978110271781,
    "fbeta_micro_0.5": 0.18594978110271781,
    "fbeta_micro_2": 0.18594978110271781,
    "fbeta_micro_3": 0.18594978110271781,
    "fbeta_micro_4": 0.18594978110271781,
    "precision_macro": 0.16530946880280872,
    "recall_macro": 0.16498059515325303,
    "f1_macro": 0.13115070788158237,
    "fbeta_macro_0.5": 0.14236023438542283,
    "fbeta_macro_2": 0.13884720869412367,
    "fbeta_macro_3": 0.14786978975762644,
    "fbeta_macro_4": 0.15350269560894997,
    "precision_weighted": 0.2933844975263352,
    "recall_weighted": 0.18594978110271781,
    "f1_weighted": 0.19620840334608028,
    "fbeta_weighted_0.5": 0.2370534659628238,
    "fbeta_weighted_2": 0.18165837190039766,
    "fbeta_weighted_3": 0.1818295184112927,
    "fbeta_weighted_4": 0.18290521523469763
}{'alpha': 1e-05, 'class_prior': None, 'fit_prior': True, 'force_alpha': True}{'force_alpha': True, 'fit_prior': True, 'alpha': 1e-05}