{
    "accuracy": 0.3954483622390773,
    "precision": 0.07638543681761285,
    "recall": 0.6965973018733956,
    "f1": 0.1376741976921167,
    "roc_auc": 0.5348146620681593,
    "precision_recall_auc": 0.3970011156926343,
    "fbeta_0.5": 0.09293412126467351,
    "fbeta_2": 0.26548156782748067,
    "fbeta_3": 0.3844461190655614,
    "fbeta_4": 0.47143264052114214
}{'alpha': 0.2, 'class_prior': None, 'fit_prior': True, 'force_alpha': True, 'norm': False}