{
    "accuracy": 0.48842288217417107,
    "precision": 0.08940871565226331,
    "recall": 0.6019040874302868,
    "f1": 0.15569065454314582,
    "roc_auc": 0.5403390201461566,
    "precision_recall_auc": 0.36125453003072844,
    "fbeta_0.5": 0.10775917340449657,
    "fbeta_2": 0.28042358989587224,
    "fbeta_3": 0.38259732593156814,
    "fbeta_4": 0.4501296084274863
}{'C': 1.0, 'class_weight': None, 'dual': False, 'fit_intercept': True, 'intercept_scaling': 1, 'l1_ratio': None, 'max_iter': 100, 'multi_class': 'auto', 'n_jobs': None, 'penalty': 'l2', 'random_state': 0, 'solver': 'saga', 'tol': 0.0001, 'verbose': 0, 'warm_start': False}