{
    "accuracy": 0.49992652952598615,
    "precision": 0.25660780367387437,
    "recall": 0.6254084235196802,
    "f1": 0.3639041482698429,
    "roc_auc": 0.5440618776884285,
    "precision_recall_auc": 0.483846445129611,
    "fbeta_0.5": 0.29091847484944244,
    "fbeta_2": 0.4857756111602032,
    "fbeta_3": 0.5468187981076145,
    "fbeta_4": 0.5766566762134543
}{'bootstrap': True, 'ccp_alpha': 0.0, 'class_weight': None, 'criterion': 'gini', 'max_depth': None, 'max_features': 'sqrt', 'max_leaf_nodes': None, 'max_samples': None, 'min_impurity_decrease': 0.0, 'min_samples_leaf': 5, 'min_samples_split': 2, 'min_weight_fraction_leaf': 0.0, 'n_estimators': 100, 'n_jobs': None, 'oob_score': False, 'random_state': None, 'verbose': 0, 'warm_start': False}