{
    "accuracy": 0.524087909787087,
    "precision": 0.1428481093518718,
    "recall": 0.5503477832855204,
    "f1": 0.22682229125513306,
    "roc_auc": 0.535310471300986,
    "precision_recall_auc": 0.37511552657336433,
    "fbeta_0.5": 0.1676794307152143,
    "fbeta_2": 0.35042043994714506,
    "fbeta_3": 0.42819697091609055,
    "fbeta_4": 0.4712670132574871
}{'activation': 'relu', 'alpha': 0.0001, 'batch_size': 200, 'beta_1': 0.9, 'beta_2': 0.999, 'early_stopping': False, 'epsilon': 1e-08, 'hidden_layer_sizes': (20,), 'learning_rate': 'constant', 'learning_rate_init': 0.001, 'max_fun': 15000, 'max_iter': 200, 'momentum': 0.9, 'n_iter_no_change': 10, 'nesterovs_momentum': True, 'power_t': 0.5, 'random_state': None, 'shuffle': True, 'solver': 'adam', 'tol': 0.0001, 'validation_fraction': 0.1, 'verbose': False, 'warm_start': False}