{
    "accuracy": 0.45650831729911184,
    "precision": 0.10803134732051743,
    "recall": 0.6556912633295027,
    "f1": 0.1854998388576948,
    "roc_auc": 0.5457198283064018,
    "precision_recall_auc": 0.3981105777150582,
    "fbeta_0.5": 0.1296969825125288,
    "fbeta_2": 0.32558432725644043,
    "fbeta_3": 0.43511282845950744,
    "fbeta_4": 0.5050760030528981
}{'bootstrap': True, 'ccp_alpha': 0.0, 'class_weight': None, 'criterion': 'gini', 'max_depth': None, 'max_features': 'sqrt', 'max_leaf_nodes': None, 'max_samples': None, 'min_impurity_decrease': 0.0, 'min_samples_leaf': 10, 'min_samples_split': 2, 'min_weight_fraction_leaf': 0.0, 'n_estimators': 100, 'n_jobs': None, 'oob_score': False, 'random_state': None, 'verbose': 0, 'warm_start': False}