{
    "accuracy": 0.48690806604901016,
    "precision": 0.07814401373454774,
    "recall": 0.5933329692136836,
    "f1": 0.138099803486395,
    "roc_auc": 0.5361595924921692,
    "precision_recall_auc": 0.34982527240155903,
    "fbeta_0.5": 0.09456633832986387,
    "fbeta_2": 0.25590549635379817,
    "fbeta_3": 0.35758429262442626,
    "fbeta_4": 0.42753104544586407
}{'C': 1.0, 'class_weight': None, 'dual': False, 'fit_intercept': True, 'intercept_scaling': 1, 'l1_ratio': None, 'max_iter': 100, 'multi_class': 'auto', 'n_jobs': None, 'penalty': 'l2', 'random_state': 0, 'solver': 'saga', 'tol': 0.0001, 'verbose': 0, 'warm_start': False}