{
    "accuracy": 0.4537025650339825,
    "precision": 0.14064706727740517,
    "recall": 0.6471404209196991,
    "f1": 0.23107349045951955,
    "roc_auc": 0.5363712129588746,
    "precision_recall_auc": 0.4162725982240296,
    "fbeta_0.5": 0.16674870012624016,
    "fbeta_2": 0.3761934517598952,
    "fbeta_3": 0.47579777278682395,
    "fbeta_4": 0.5340177090420181
}{'bootstrap': True, 'ccp_alpha': 0.0, 'class_weight': None, 'criterion': 'gini', 'max_depth': None, 'max_features': 'sqrt', 'max_leaf_nodes': None, 'max_samples': None, 'min_impurity_decrease': 0.0, 'min_samples_leaf': 10, 'min_samples_split': 2, 'min_weight_fraction_leaf': 0.0, 'n_estimators': 100, 'n_jobs': None, 'oob_score': False, 'random_state': None, 'verbose': 0, 'warm_start': False}