{
    "accuracy": 0.5098364844149208,
    "precision": 0.7163959929629683,
    "recall": 0.44653991154933664,
    "f1": 0.5501582711321271,
    "roc_auc": 0.5428058894583335,
    "precision_recall_auc": 0.7672205619356911,
    "fbeta_0.5": 0.6391454366211798,
    "fbeta_2": 0.48292185708265134,
    "fbeta_3": 0.4640188346085933,
    "fbeta_4": 0.45665854178444665
}{'bootstrap': True, 'ccp_alpha': 0.0, 'class_weight': None, 'criterion': 'gini', 'max_depth': None, 'max_features': 'sqrt', 'max_leaf_nodes': None, 'max_samples': None, 'min_impurity_decrease': 0.0, 'min_samples_leaf': 5, 'min_samples_split': 2, 'min_weight_fraction_leaf': 0.0, 'n_estimators': 100, 'n_jobs': None, 'oob_score': False, 'random_state': None, 'verbose': 0, 'warm_start': False}