{
    "accuracy": 0.5244757582121385,
    "precision": 0.09144412641652892,
    "recall": 0.5671862802694372,
    "f1": 0.15749608092238832,
    "roc_auc": 0.5440152524480156,
    "precision_recall_auc": 0.3462736392354223,
    "fbeta_0.5": 0.10987647276535813,
    "fbeta_2": 0.2779631443856004,
    "fbeta_3": 0.3730864089043558,
    "fbeta_4": 0.43428205646812856
}{'activation': 'relu', 'alpha': 0.0001, 'batch_size': 200, 'beta_1': 0.9, 'beta_2': 0.999, 'early_stopping': False, 'epsilon': 1e-08, 'hidden_layer_sizes': (20,), 'learning_rate': 'constant', 'learning_rate_init': 0.001, 'max_fun': 15000, 'max_iter': 200, 'momentum': 0.9, 'n_iter_no_change': 10, 'nesterovs_momentum': True, 'power_t': 0.5, 'random_state': None, 'shuffle': True, 'solver': 'adam', 'tol': 0.0001, 'validation_fraction': 0.1, 'verbose': False, 'warm_start': False}