{
    "accuracy": 0.5030072442518025,
    "precision": 0.10955861216950956,
    "recall": 0.5984445572867948,
    "f1": 0.1852103436403733,
    "roc_auc": 0.5457524042768396,
    "precision_recall_auc": 0.37295255248880366,
    "fbeta_0.5": 0.13095472026499733,
    "fbeta_2": 0.31622495863952094,
    "fbeta_3": 0.41379558863817695,
    "fbeta_4": 0.4740193940458057
}{'activation': 'relu', 'alpha': 0.0001, 'batch_size': 100, 'beta_1': 0.9, 'beta_2': 0.999, 'early_stopping': False, 'epsilon': 1e-08, 'hidden_layer_sizes': (30,), 'learning_rate': 'constant', 'learning_rate_init': 0.001, 'max_fun': 15000, 'max_iter': 200, 'momentum': 0.9, 'n_iter_no_change': 10, 'nesterovs_momentum': True, 'power_t': 0.5, 'random_state': None, 'shuffle': True, 'solver': 'adam', 'tol': 0.0001, 'validation_fraction': 0.1, 'verbose': False, 'warm_start': False}