{
    "accuracy": 0.5156813740050742,
    "precision": 0.26518331917733773,
    "recall": 0.6310167505342249,
    "f1": 0.3734325002162069,
    "roc_auc": 0.5562479197954674,
    "precision_recall_auc": 0.4902969975296273,
    "fbeta_0.5": 0.2999643221055882,
    "fbeta_2": 0.4945621801933957,
    "fbeta_3": 0.554518232996808,
    "fbeta_4": 0.5836533122866068
}{'bootstrap': True, 'ccp_alpha': 0.0, 'class_weight': None, 'criterion': 'gini', 'max_depth': None, 'max_features': 'sqrt', 'max_leaf_nodes': None, 'max_samples': None, 'min_impurity_decrease': 0.0, 'min_samples_leaf': 5, 'min_samples_split': 2, 'min_weight_fraction_leaf': 0.0, 'n_estimators': 100, 'n_jobs': None, 'oob_score': False, 'random_state': None, 'verbose': 0, 'warm_start': False}