{
    "accuracy": 0.5096088658996728,
    "precision": 0.07971475147753951,
    "recall": 0.5764469204580626,
    "f1": 0.14006097877907522,
    "roc_auc": 0.5405403125216937,
    "precision_recall_auc": 0.34275254277204986,
    "fbeta_0.5": 0.09631372067089407,
    "fbeta_2": 0.2566235833527177,
    "fbeta_3": 0.35514370911921556,
    "fbeta_4": 0.421826062798705
}{'activation': 'relu', 'alpha': 0.0001, 'batch_size': 200, 'beta_1': 0.9, 'beta_2': 0.999, 'early_stopping': False, 'epsilon': 1e-08, 'hidden_layer_sizes': (20,), 'learning_rate': 'constant', 'learning_rate_init': 0.001, 'max_fun': 15000, 'max_iter': 200, 'momentum': 0.9, 'n_iter_no_change': 10, 'nesterovs_momentum': True, 'power_t': 0.5, 'random_state': None, 'shuffle': True, 'solver': 'adam', 'tol': 0.0001, 'validation_fraction': 0.1, 'verbose': False, 'warm_start': False}