{
    "accuracy": 0.47780718698897817,
    "precision": 0.07659246821666671,
    "recall": 0.5913030021665119,
    "f1": 0.1356180971668372,
    "roc_auc": 0.5303310040297594,
    "precision_recall_auc": 0.3481048333538184,
    "fbeta_0.5": 0.09273747515131926,
    "fbeta_2": 0.25225980231487016,
    "fbeta_3": 0.3536475948021855,
    "fbeta_4": 0.42378163676484704
}{'alpha': 0.2, 'class_prior': None, 'fit_prior': True, 'force_alpha': True, 'norm': False}