{
    "accuracy": 0.49887019438458546,
    "precision": 0.1467504392585221,
    "recall": 0.6129239152592092,
    "f1": 0.2368037126998808,
    "roc_auc": 0.5476128091759666,
    "precision_recall_auc": 0.40438609062109526,
    "fbeta_0.5": 0.17307815964725629,
    "fbeta_2": 0.37480177261494757,
    "fbeta_3": 0.46515945213832305,
    "fbeta_4": 0.5164242408113258
}{'ccp_alpha': 0.0, 'class_weight': None, 'criterion': 'gini', 'max_depth': None, 'max_features': None, 'max_leaf_nodes': None, 'min_impurity_decrease': 0.0, 'min_samples_leaf': 1, 'min_samples_split': 2, 'min_weight_fraction_leaf': 0.0, 'random_state': 0, 'splitter': 'best'}