{
    "accuracy": 0.5090444360778497,
    "precision": 0.08974569607187782,
    "recall": 0.5758858513266645,
    "f1": 0.1552909467324644,
    "roc_auc": 0.5396234921291886,
    "precision_recall_auc": 0.3494333444311569,
    "fbeta_0.5": 0.10797541457797107,
    "fbeta_2": 0.2764199942984682,
    "fbeta_3": 0.3735428181265803,
    "fbeta_4": 0.43672744935643437
}{'C': 1.0, 'class_weight': None, 'dual': False, 'fit_intercept': True, 'intercept_scaling': 1, 'l1_ratio': None, 'max_iter': 100, 'multi_class': 'auto', 'n_jobs': None, 'penalty': 'l2', 'random_state': 0, 'solver': 'saga', 'tol': 0.0001, 'verbose': 0, 'warm_start': False}