{
    "accuracy": 0.5121686655050134,
    "precision": 0.11334721602459219,
    "recall": 0.610978966779806,
    "f1": 0.19121983045247526,
    "roc_auc": 0.5564245441105282,
    "precision_recall_auc": 0.38052251148366617,
    "fbeta_0.5": 0.1354040681042009,
    "fbeta_2": 0.3253234592637709,
    "fbeta_3": 0.42457604611815924,
    "fbeta_4": 0.4855765266217037
}{'bootstrap': True, 'ccp_alpha': 0.0, 'class_weight': None, 'criterion': 'gini', 'max_depth': None, 'max_features': 'sqrt', 'max_leaf_nodes': None, 'max_samples': None, 'min_impurity_decrease': 0.0, 'min_samples_leaf': 10, 'min_samples_split': 2, 'min_weight_fraction_leaf': 0.0, 'n_estimators': 100, 'n_jobs': None, 'oob_score': False, 'random_state': None, 'verbose': 0, 'warm_start': False}