{
    "accuracy": 0.5776634267200305,
    "precision": 0.3596297928602909,
    "recall": 0.5167827739075365,
    "f1": 0.4241164241164242,
    "roc_auc": 0.5603270467138555,
    "precision_recall_auc": 0.5109144976015618,
    "fbeta_0.5": 0.38291881745659323,
    "fbeta_2": 0.4752475247524753,
    "fbeta_3": 0.4951456310679613,
    "fbeta_4": 0.5038317655177424
}{'ccp_alpha': 0.0, 'class_weight': None, 'criterion': 'gini', 'max_depth': None, 'max_features': None, 'max_leaf_nodes': None, 'min_impurity_decrease': 0.0, 'min_samples_leaf': 1, 'min_samples_split': 2, 'min_weight_fraction_leaf': 0.0, 'random_state': 0, 'splitter': 'best'}