{
    "accuracy": 0.5429769392033543,
    "precision": 0.35348837209302325,
    "recall": 0.6257124762507916,
    "f1": 0.45176040237768633,
    "roc_auc": 0.5665367179509139,
    "precision_recall_auc": 0.5459183201124449,
    "fbeta_0.5": 0.38717767850144996,
    "fbeta_2": 0.5422017341674898,
    "fbeta_3": 0.5809714218511114,
    "fbeta_4": 0.5985958159592287
}{'activation': 'relu', 'alpha': 0.0001, 'batch_size': 10, 'beta_1': 0.9, 'beta_2': 0.999, 'early_stopping': False, 'epsilon': 1e-08, 'hidden_layer_sizes': (20, 20), 'learning_rate': 'constant', 'learning_rate_init': 0.001, 'max_fun': 15000, 'max_iter': 500, 'momentum': 0.9, 'n_iter_no_change': 10, 'nesterovs_momentum': True, 'power_t': 0.5, 'random_state': None, 'shuffle': True, 'solver': 'adam', 'tol': 0.0001, 'validation_fraction': 0.1, 'verbose': False, 'warm_start': False}{'max_iter': 500, 'hidden_layer_sizes': (20, 20), 'batch_size': 10}