{
    "accuracy": 0.581093958452449,
    "precision": 0.15147392290249434,
    "recall": 0.5052950075642966,
    "f1": 0.23307745987438938,
    "roc_auc": 0.5486570981999416,
    "precision_recall_auc": 0.3595451284695304,
    "fbeta_0.5": 0.17614175719860778,
    "fbeta_2": 0.3444009074035884,
    "fbeta_3": 0.4096149129261713,
    "fbeta_4": 0.444253188326422
}{'ccp_alpha': 0.0, 'class_weight': None, 'criterion': 'gini', 'max_depth': None, 'max_features': None, 'max_leaf_nodes': None, 'min_impurity_decrease': 0.0, 'min_samples_leaf': 1, 'min_samples_split': 2, 'min_weight_fraction_leaf': 0.0, 'random_state': 0, 'splitter': 'best'}