{
    "accuracy": 0.45607013531541835,
    "precision": 0.14433992864093415,
    "recall": 0.6732223903177005,
    "f1": 0.2377136752136752,
    "roc_auc": 0.5489967163101803,
    "precision_recall_auc": 0.42936434987382843,
    "fbeta_0.5": 0.17124605556838296,
    "fbeta_2": 0.3885105639951109,
    "fbeta_3": 0.4926926483613817,
    "fbeta_4": 0.5538472801815654
}{'activation': 'relu', 'alpha': 0.0001, 'batch_size': 1, 'beta_1': 0.9, 'beta_2': 0.999, 'early_stopping': False, 'epsilon': 1e-08, 'hidden_layer_sizes': (20, 20), 'learning_rate': 'constant', 'learning_rate_init': 0.001, 'max_fun': 15000, 'max_iter': 500, 'momentum': 0.9, 'n_iter_no_change': 10, 'nesterovs_momentum': True, 'power_t': 0.5, 'random_state': None, 'shuffle': True, 'solver': 'adam', 'tol': 0.0001, 'validation_fraction': 0.1, 'verbose': False, 'warm_start': False}{'max_iter': 500, 'hidden_layer_sizes': (20, 20), 'batch_size': 1}