{
    "accuracy": 0.6123499142367067,
    "precision": 0.23256972111553784,
    "recall": 0.4864583333333333,
    "f1": 0.31469002695417786,
    "roc_auc": 0.5634997521576861,
    "precision_recall_auc": 0.4064932534489448,
    "fbeta_0.5": 0.25967526690391457,
    "fbeta_2": 0.399281805745554,
    "fbeta_3": 0.43858001502629596,
    "fbeta_4": 0.4571050207277752
}{'alpha': 10, 'class_prior': None, 'fit_prior': True, 'force_alpha': True, 'norm': True}{'norm': True, 'force_alpha': True, 'alpha': 10}