{
    "accuracy": 0.7758548597489661,
    "precision": 0.12861417653000934,
    "recall": 0.12861417653000934,
    "f1": 0.12861417653000934,
    "roc_auc": 0.5,
    "precision_recall_auc": 0.12861417653000934,
    "fbeta_0.5": 0.12861417653000934,
    "fbeta_2": 0.12861417653000934,
    "fbeta_3": 0.12861417653000934,
    "fbeta_4": 0.12861417653000934
}