{
    "accuracy": 0.5709929483514389,
    "precision": 0.3385146804835924,
    "recall": 0.5216234198270127,
    "f1": 0.41057868551976956,
    "roc_auc": 0.5562176928194892,
    "precision_recall_auc": 0.4985843922555503,
    "fbeta_0.5": 0.36407541562180734,
    "fbeta_2": 0.47070124879923153,
    "fbeta_3": 0.49485577226535377,
    "fbeta_4": 0.5055378546502806
}{'ccp_alpha': 0.0, 'class_weight': None, 'criterion': 'gini', 'max_depth': None, 'max_features': None, 'max_leaf_nodes': None, 'min_impurity_decrease': 0.0, 'min_samples_leaf': 1, 'min_samples_split': 2, 'min_weight_fraction_leaf': 0.0, 'random_state': 0, 'splitter': 'best'}