{
    "accuracy": 0.5443110348770727,
    "precision": 0.14979757085020243,
    "recall": 0.5597579425113465,
    "f1": 0.23634621526668798,
    "roc_auc": 0.5509212739159437,
    "precision_recall_auc": 0.38250788818449083,
    "fbeta_0.5": 0.175505170287449,
    "fbeta_2": 0.3617520531873289,
    "fbeta_3": 0.4394821237676684,
    "fbeta_4": 0.48214011957688185
}{'C': 1.0, 'class_weight': None, 'dual': False, 'fit_intercept': True, 'intercept_scaling': 1, 'l1_ratio': None, 'max_iter': 1000, 'multi_class': 'auto', 'n_jobs': None, 'penalty': 'l2', 'random_state': 0, 'solver': 'lbfgs', 'tol': 0.0001, 'verbose': 0, 'warm_start': False}