{
    "accuracy": 0.6081570421193063,
    "precision": 0.2490842490842491,
    "recall": 0.5666666666666667,
    "f1": 0.3460559796437659,
    "roc_auc": 0.5920573827851645,
    "precision_recall_auc": 0.4475171578945164,
    "fbeta_0.5": 0.28052805280528054,
    "fbeta_2": 0.451527224435591,
    "fbeta_3": 0.5025868440502588,
    "fbeta_4": 0.5271317829457365
}{'activation': 'relu', 'alpha': 0.0001, 'batch_size': 50, 'beta_1': 0.9, 'beta_2': 0.999, 'early_stopping': False, 'epsilon': 1e-08, 'hidden_layer_sizes': (30,), 'learning_rate': 'constant', 'learning_rate_init': 0.001, 'max_fun': 15000, 'max_iter': 500, 'momentum': 0.9, 'n_iter_no_change': 10, 'nesterovs_momentum': True, 'power_t': 0.5, 'random_state': None, 'shuffle': True, 'solver': 'adam', 'tol': 0.0001, 'validation_fraction': 0.1, 'verbose': False, 'warm_start': False}{'max_iter': 500, 'hidden_layer_sizes': (30,), 'batch_size': 50}