{
    "accuracy": 0.580413745690067,
    "precision": 0.2994834848571484,
    "recall": 0.2994834848571484,
    "f1": 0.2994834848571484,
    "roc_auc": 0.5,
    "precision_recall_auc": 0.2994834848571484,
    "fbeta_0.5": 0.2994834848571484,
    "fbeta_2": 0.2994834848571484,
    "fbeta_3": 0.2994834848571484,
    "fbeta_4": 0.2994834848571484
}