{
    "accuracy": 0.5721364589289117,
    "precision": 0.1621160409556314,
    "recall": 0.5748865355521936,
    "f1": 0.2529118136439268,
    "roc_auc": 0.5733133070259877,
    "precision_recall_auc": 0.3952784942764016,
    "fbeta_0.5": 0.18929959151140777,
    "fbeta_2": 0.38091419406575777,
    "fbeta_3": 0.4582177740262871,
    "fbeta_4": 0.5
}{'bootstrap': True, 'ccp_alpha': 0.0, 'class_weight': None, 'criterion': 'gini', 'max_depth': None, 'max_features': 'sqrt', 'max_leaf_nodes': None, 'max_samples': None, 'min_impurity_decrease': 0.0, 'min_samples_leaf': 5, 'min_samples_split': 2, 'min_weight_fraction_leaf': 0.0, 'n_estimators': 100, 'n_jobs': None, 'oob_score': False, 'random_state': None, 'verbose': 0, 'warm_start': False}{'n_estimators': 100, 'min_samples_leaf': 5}