{
    "accuracy": 0.5516096065406234,
    "precision": 0.24471579829073253,
    "recall": 0.5388627914349117,
    "f1": 0.3365794826562022,
    "roc_auc": 0.5469414389747869,
    "precision_recall_auc": 0.44045768914950967,
    "fbeta_0.5": 0.2747063853294038,
    "fbeta_2": 0.4344270293629735,
    "fbeta_3": 0.48104183710747156,
    "fbeta_4": 0.5032782291071279
}{'bootstrap': True, 'ccp_alpha': 0.0, 'class_weight': None, 'criterion': 'gini', 'max_depth': None, 'max_features': 'sqrt', 'max_leaf_nodes': None, 'max_samples': None, 'min_impurity_decrease': 0.0, 'min_samples_leaf': 10, 'min_samples_split': 2, 'min_weight_fraction_leaf': 0.0, 'n_estimators': 100, 'n_jobs': None, 'oob_score': False, 'random_state': None, 'verbose': 0, 'warm_start': False}