{
    "accuracy": 0.5369491690391026,
    "precision": 0.292462631939361,
    "recall": 0.6047016892881555,
    "f1": 0.3942480622622591,
    "roc_auc": 0.5595820152429889,
    "precision_recall_auc": 0.49783453913287157,
    "fbeta_0.5": 0.32614362906708516,
    "fbeta_2": 0.4983021798080095,
    "fbeta_3": 0.5463701050346955,
    "fbeta_4": 0.5689697103990964
}{'bootstrap': True, 'ccp_alpha': 0.0, 'class_weight': None, 'criterion': 'gini', 'max_depth': None, 'max_features': 'sqrt', 'max_leaf_nodes': None, 'max_samples': None, 'min_impurity_decrease': 0.0, 'min_samples_leaf': 5, 'min_samples_split': 2, 'min_weight_fraction_leaf': 0.0, 'n_estimators': 100, 'n_jobs': None, 'oob_score': False, 'random_state': None, 'verbose': 0, 'warm_start': False}