{
    "accuracy": 0.7077485962296542,
    "precision": 0.17770464149350967,
    "recall": 0.17770464149350967,
    "f1": 0.17770464149350967,
    "roc_auc": 0.5,
    "precision_recall_auc": 0.17770464149350967,
    "fbeta_0.5": 0.17770464149350965,
    "fbeta_2": 0.17770464149350965,
    "fbeta_3": 0.17770464149350965,
    "fbeta_4": 0.17770464149350967
}