{
    "accuracy": 0.8003245215947086,
    "precision": 0.5418918918918919,
    "recall": 0.003655190644170381,
    "f1": 0.0072614013961447565,
    "roc_auc": 0.5014418499231517,
    "precision_recall_auc": 0.37230260252284797,
    "fbeta_0.5": 0.01779580533785403,
    "fbeta_2": 0.004561296545699414,
    "fbeta_3": 0.0040582813735005364,
    "fbeta_4": 0.003882003494201766
}{'bootstrap': True, 'ccp_alpha': 0.0, 'class_weight': None, 'criterion': 'gini', 'max_depth': None, 'max_features': 'sqrt', 'max_leaf_nodes': None, 'max_samples': None, 'min_impurity_decrease': 0.0, 'min_samples_leaf': 5, 'min_samples_split': 2, 'min_weight_fraction_leaf': 0.0, 'n_estimators': 100, 'n_jobs': None, 'oob_score': False, 'random_state': None, 'verbose': 0, 'warm_start': False}{'n_estimators': 100, 'min_samples_leaf': 5}