{
    "accuracy": 0.6515256588072122,
    "precision": 0.677055733897502,
    "recall": 0.9193793953454651,
    "f1": 0.7798263516551939,
    "roc_auc": 0.5120081789102428,
    "precision_recall_auc": 0.8252755007238756,
    "fbeta_0.5": 0.7147325882213693,
    "fbeta_2": 0.8579648959004623,
    "fbeta_3": 0.8876110848142454,
    "fbeta_4": 0.9004224313059659
}{'alpha': 100, 'class_prior': None, 'fit_prior': True, 'force_alpha': True}{'force_alpha': True, 'fit_prior': True, 'alpha': 100}