{
    "accuracy": 0.6291421120491845,
    "precision": 0.31840646897396957,
    "recall": 0.3205716278383562,
    "f1": 0.31948538011695904,
    "roc_auc": 0.5323739243597303,
    "precision_recall_auc": 0.411741869303751,
    "fbeta_0.5": 0.3188371578051507,
    "fbeta_2": 0.32013624357758597,
    "fbeta_3": 0.3203537877782648,
    "fbeta_4": 0.3204434507614293
}{'alpha': 10, 'class_prior': None, 'fit_prior': True, 'force_alpha': True, 'norm': True}{'norm': True, 'force_alpha': True, 'alpha': 10}