{
    "accuracy": 0.6188639605031763,
    "precision": 0.6462004080847923,
    "recall": 0.886948675459106,
    "f1": 0.7476723590469139,
    "roc_auc": 0.5180457172944818,
    "precision_recall_auc": 0.8025613797769838,
    "fbeta_0.5": 0.6832943065147098,
    "fbeta_2": 0.8254432854006429,
    "fbeta_3": 0.855091410596358,
    "fbeta_4": 0.8679277949375966
}{'alpha': 100, 'class_prior': None, 'fit_prior': True, 'force_alpha': True}{'force_alpha': True, 'fit_prior': True, 'alpha': 100}