{
    "accuracy": 0.6502116942842543,
    "precision": 0.49,
    "recall": 0.0034091106743429633,
    "f1": 0.006771112224275819,
    "roc_auc": 0.5007503479373866,
    "precision_recall_auc": 0.42097822494809195,
    "fbeta_0.5": 0.016584028565143082,
    "fbeta_2": 0.004253989200076399,
    "fbeta_3": 0.0037849748086753172,
    "fbeta_4": 0.0036206057234257102
}{'activation': 'relu', 'alpha': 0.0001, 'batch_size': 1, 'beta_1': 0.9, 'beta_2': 0.999, 'early_stopping': False, 'epsilon': 1e-08, 'hidden_layer_sizes': (10,), 'learning_rate': 'constant', 'learning_rate_init': 0.001, 'max_fun': 15000, 'max_iter': 200, 'momentum': 0.9, 'n_iter_no_change': 10, 'nesterovs_momentum': True, 'power_t': 0.5, 'random_state': None, 'shuffle': True, 'solver': 'adam', 'tol': 0.0001, 'validation_fraction': 0.1, 'verbose': False, 'warm_start': False}{'hidden_layer_sizes': (10,), 'batch_size': 1}