{
    "accuracy": 0.7891634425870502,
    "precision": 0.5961538461538461,
    "recall": 0.003573590017003372,
    "f1": 0.007104592202137106,
    "roc_auc": 0.5014629433325692,
    "precision_recall_auc": 0.4050265036902134,
    "fbeta_0.5": 0.017449551096225834,
    "fbeta_2": 0.0044603033006244425,
    "fbeta_3": 0.003968012697640633,
    "fbeta_4": 0.0037955174003226557
}{'bootstrap': True, 'ccp_alpha': 0.0, 'class_weight': None, 'criterion': 'gini', 'max_depth': None, 'max_features': 'sqrt', 'max_leaf_nodes': None, 'max_samples': None, 'min_impurity_decrease': 0.0, 'min_samples_leaf': 5, 'min_samples_split': 2, 'min_weight_fraction_leaf': 0.0, 'n_estimators': 100, 'n_jobs': None, 'oob_score': False, 'random_state': None, 'verbose': 0, 'warm_start': False}{'n_estimators': 100, 'min_samples_leaf': 5}