{
    "accuracy": 0.7214854303074535,
    "precision": 0.4886164623467601,
    "recall": 0.0009048511698201325,
    "f1": 0.001806357211994471,
    "roc_auc": 0.5002696489067134,
    "precision_recall_auc": 0.3838860687480619,
    "fbeta_0.5": 0.004490989047781548,
    "fbeta_2": 0.001130540560472574,
    "fbeta_3": 0.0010051833594957222,
    "fbeta_4": 0.0009612931064360023
}{'activation': 'relu', 'alpha': 0.0001, 'batch_size': 50, 'beta_1': 0.9, 'beta_2': 0.999, 'early_stopping': False, 'epsilon': 1e-08, 'hidden_layer_sizes': (30,), 'learning_rate': 'constant', 'learning_rate_init': 0.001, 'max_fun': 15000, 'max_iter': 200, 'momentum': 0.9, 'n_iter_no_change': 10, 'nesterovs_momentum': True, 'power_t': 0.5, 'random_state': None, 'shuffle': True, 'solver': 'adam', 'tol': 0.0001, 'validation_fraction': 0.1, 'verbose': False, 'warm_start': False}{'hidden_layer_sizes': (30,), 'batch_size': 50}