{
    "accuracy": 0.8097137907394545,
    "precision": 0.23435843054082714,
    "recall": 0.0010515297140410145,
    "f1": 0.0020936654777299365,
    "roc_auc": 0.5001232929436512,
    "precision_recall_auc": 0.2125220155714256,
    "fbeta_0.5": 0.0051649512484692114,
    "fbeta_2": 0.0013129394039849197,
    "fbeta_3": 0.0011677841638956014,
    "fbeta_4": 0.0011169371010116057
}{'alpha': 0, 'class_prior': None, 'fit_prior': True, 'force_alpha': True}{'force_alpha': True, 'fit_prior': True, 'alpha': 0}