{
    "accuracy": 0.5356510004565105,
    "precision": 0.36648782741541797,
    "recall": 0.36648782741541797,
    "f1": 0.36648782741541797,
    "roc_auc": 0.5,
    "precision_recall_auc": 0.36648782741541797,
    "fbeta_0.5": 0.36648782741541797,
    "fbeta_2": 0.36648782741541797,
    "fbeta_3": 0.3664878274154179,
    "fbeta_4": 0.3664878274154179
}