{
    "accuracy": 0.7212280072656525,
    "precision": 0.37583333333333335,
    "recall": 0.0014626805648346945,
    "f1": 0.0029140202495331756,
    "roc_auc": 0.5002625055838925,
    "precision_recall_auc": 0.3276957404069439,
    "fbeta_0.5": 0.007201297830349559,
    "fbeta_2": 0.0018265735262670184,
    "fbeta_3": 0.0016244981525385756,
    "fbeta_4": 0.0015537201739226297
}{'C': 1.0, 'class_weight': None, 'dual': False, 'fit_intercept': True, 'intercept_scaling': 1, 'l1_ratio': None, 'max_iter': 100, 'multi_class': 'auto', 'n_jobs': None, 'penalty': 'l2', 'random_state': 0, 'solver': 'saga', 'tol': 0.0001, 'verbose': 0, 'warm_start': False}