{
    "accuracy": 0.52855706850996,
    "precision": 0.38050717906510034,
    "recall": 0.38050717906510034,
    "f1": 0.38050717906510034,
    "roc_auc": 0.5,
    "precision_recall_auc": 0.38050717906510034,
    "fbeta_0.5": 0.3805071790651004,
    "fbeta_2": 0.3805071790651004,
    "fbeta_3": 0.3805071790651004,
    "fbeta_4": 0.38050717906510034
}