{
    "accuracy": 0.7301688687738764,
    "precision": 0.5408695652173913,
    "recall": 0.013992936041933815,
    "f1": 0.02728010350650205,
    "roc_auc": 0.5047953124142733,
    "precision_recall_auc": 0.41074085960355355,
    "fbeta_0.5": 0.06340339646490388,
    "fbeta_2": 0.017378767728019495,
    "fbeta_3": 0.015503141754048393,
    "fbeta_4": 0.014843493372788709
}{'bootstrap': True, 'ccp_alpha': 0.0, 'class_weight': None, 'criterion': 'gini', 'max_depth': None, 'max_features': 'sqrt', 'max_leaf_nodes': None, 'max_samples': None, 'min_impurity_decrease': 0.0, 'min_samples_leaf': 5, 'min_samples_split': 2, 'min_weight_fraction_leaf': 0.0, 'n_estimators': 100, 'n_jobs': None, 'oob_score': False, 'random_state': None, 'verbose': 0, 'warm_start': False}{'n_estimators': 100, 'min_samples_leaf': 5}