{
    "accuracy": 0.5370061573010676,
    "precision": 0.6360260219609974,
    "recall": 0.6360260219609974,
    "f1": 0.6360260219609974,
    "roc_auc": 0.5,
    "precision_recall_auc": 0.6360260219609974,
    "fbeta_0.5": 0.6360260219609974,
    "fbeta_2": 0.6360260219609974,
    "fbeta_3": 0.6360260219609974,
    "fbeta_4": 0.6360260219609974
}