{
    "accuracy": 0.40448064987013105,
    "precision_micro": 0.40448064987013105,
    "recall_micro": 0.40448064987013105,
    "f1_micro": 0.40448064987013105,
    "fbeta_micro_0.5": 0.40448064987013105,
    "fbeta_micro_2": 0.40448064987013105,
    "fbeta_micro_3": 0.40448064987013105,
    "fbeta_micro_4": 0.40448064987013105,
    "precision_macro": 0.3905650303118285,
    "recall_macro": 0.35260847387485134,
    "f1_macro": 0.29771909472835006,
    "fbeta_macro_0.5": 0.3189027744546841,
    "fbeta_macro_2": 0.3176623112826588,
    "fbeta_macro_3": 0.3325678309522558,
    "fbeta_macro_4": 0.34013734358269776,
    "precision_weighted": 0.39377065683451123,
    "recall_weighted": 0.40448064987013105,
    "f1_weighted": 0.3286011971251357,
    "fbeta_weighted_0.5": 0.33836476237200663,
    "fbeta_weighted_2": 0.3596282413017406,
    "fbeta_weighted_3": 0.3790969562861255,
    "fbeta_weighted_4": 0.3887568961576266
}{'activation': 'relu', 'alpha': 0.0001, 'batch_size': 200, 'beta_1': 0.9, 'beta_2': 0.999, 'early_stopping': False, 'epsilon': 1e-08, 'hidden_layer_sizes': (20,), 'learning_rate': 'constant', 'learning_rate_init': 0.001, 'max_fun': 15000, 'max_iter': 200, 'momentum': 0.9, 'n_iter_no_change': 10, 'nesterovs_momentum': True, 'power_t': 0.5, 'random_state': None, 'shuffle': True, 'solver': 'adam', 'tol': 0.0001, 'validation_fraction': 0.1, 'verbose': False, 'warm_start': False}{'hidden_layer_sizes': (20,), 'batch_size': 200}