{
    "accuracy": 0.401579443927913,
    "precision_micro": 0.401579443927913,
    "recall_micro": 0.401579443927913,
    "f1_micro": 0.40157944392791306,
    "fbeta_micro_0.5": 0.401579443927913,
    "fbeta_micro_2": 0.401579443927913,
    "fbeta_micro_3": 0.401579443927913,
    "fbeta_micro_4": 0.401579443927913,
    "precision_macro": 0.39942136266904593,
    "recall_macro": 0.3428913169096075,
    "f1_macro": 0.2645300871670835,
    "fbeta_macro_0.5": 0.26638381431583147,
    "fbeta_macro_2": 0.29776796917379617,
    "fbeta_macro_3": 0.3173652572768228,
    "fbeta_macro_4": 0.3270665478711629,
    "precision_weighted": 0.3986778040602868,
    "recall_weighted": 0.401579443927913,
    "f1_weighted": 0.30294268060393015,
    "fbeta_weighted_0.5": 0.297293212632194,
    "fbeta_weighted_2": 0.34610184207803146,
    "fbeta_weighted_3": 0.370342880919843,
    "fbeta_weighted_4": 0.382246825700011
}{'C': 1.0, 'class_weight': None, 'dual': False, 'fit_intercept': True, 'intercept_scaling': 1, 'l1_ratio': None, 'max_iter': 100, 'multi_class': 'multinomial', 'n_jobs': None, 'penalty': 'l2', 'random_state': 0, 'solver': 'saga', 'tol': 0.0001, 'verbose': 0, 'warm_start': False}