{
    "accuracy": 0.33847348707863056,
    "precision_micro": 0.33847348707863056,
    "recall_micro": 0.33847348707863056,
    "f1_micro": 0.33847348707863056,
    "fbeta_micro_0.5": 0.33847348707863056,
    "fbeta_micro_2": 0.33847348707863056,
    "fbeta_micro_3": 0.3384734870786306,
    "fbeta_micro_4": 0.33847348707863056,
    "precision_macro": 0.32624345031545565,
    "recall_macro": 0.2825040924606528,
    "f1_macro": 0.2334748113493792,
    "fbeta_macro_0.5": 0.23433614405913658,
    "fbeta_macro_2": 0.25744170047161424,
    "fbeta_macro_3": 0.26901445302994814,
    "fbeta_macro_4": 0.27432531548946637,
    "precision_weighted": 0.32916719087994045,
    "recall_weighted": 0.33847348707863056,
    "f1_weighted": 0.2735278683137162,
    "fbeta_weighted_0.5": 0.2633161274606442,
    "fbeta_weighted_2": 0.3065269552060929,
    "fbeta_weighted_3": 0.32139901445223207,
    "fbeta_weighted_4": 0.32814661954662977
}{'bootstrap': True, 'ccp_alpha': 0.0, 'class_weight': None, 'criterion': 'gini', 'max_depth': None, 'max_features': 'sqrt', 'max_leaf_nodes': None, 'max_samples': None, 'min_impurity_decrease': 0.0, 'min_samples_leaf': 10, 'min_samples_split': 2, 'min_weight_fraction_leaf': 0.0, 'n_estimators': 100, 'n_jobs': None, 'oob_score': False, 'random_state': None, 'verbose': 0, 'warm_start': False}{'n_estimators': 100, 'min_samples_leaf': 10}