{
    "accuracy": 0.3090543536809931,
    "precision_micro": 0.3090543536809931,
    "recall_micro": 0.3090543536809931,
    "f1_micro": 0.3090543536809931,
    "fbeta_micro_0.5": 0.3090543536809931,
    "fbeta_micro_2": 0.3090543536809931,
    "fbeta_micro_3": 0.3090543536809931,
    "fbeta_micro_4": 0.3090543536809931,
    "precision_macro": 0.2698930453000524,
    "recall_macro": 0.2695541895124745,
    "f1_macro": 0.23826392507660576,
    "fbeta_macro_0.5": 0.22786212987405657,
    "fbeta_macro_2": 0.25454109712747086,
    "fbeta_macro_3": 0.2615420743913996,
    "fbeta_macro_4": 0.2647086092415966,
    "precision_weighted": 0.282623466696487,
    "recall_weighted": 0.3090543536809931,
    "f1_weighted": 0.2687511883580759,
    "fbeta_weighted_0.5": 0.2541502537523601,
    "fbeta_weighted_2": 0.28995630238324965,
    "fbeta_weighted_3": 0.29889742278408726,
    "fbeta_weighted_4": 0.3029199594797915
}{'alpha': 1000, 'class_prior': None, 'fit_prior': True, 'force_alpha': True}{'force_alpha': True, 'fit_prior': True, 'alpha': 1000}