{
    "accuracy": 0.3067807438399579,
    "precision_micro": 0.3067807438399579,
    "recall_micro": 0.3067807438399579,
    "f1_micro": 0.3067807438399579,
    "fbeta_micro_0.5": 0.3067807438399579,
    "fbeta_micro_2": 0.3067807438399579,
    "fbeta_micro_3": 0.3067807438399579,
    "fbeta_micro_4": 0.3067807438399579,
    "precision_macro": 0.2880410528489444,
    "recall_macro": 0.2841779546670012,
    "f1_macro": 0.28261440964664186,
    "fbeta_macro_0.5": 0.2848942309353348,
    "fbeta_macro_2": 0.28281768016191344,
    "fbeta_macro_3": 0.2833805893694412,
    "fbeta_macro_4": 0.28368085969072093,
    "precision_weighted": 0.29776145116500513,
    "recall_weighted": 0.3067807438399579,
    "f1_weighted": 0.2990630387854511,
    "fbeta_weighted_0.5": 0.2974167049399411,
    "fbeta_weighted_2": 0.30299150645808526,
    "fbeta_weighted_3": 0.3047718701118503,
    "fbeta_weighted_4": 0.3055715198894619
}{'ccp_alpha': 0.0, 'class_weight': None, 'criterion': 'gini', 'max_depth': None, 'max_features': None, 'max_leaf_nodes': None, 'min_impurity_decrease': 0.0, 'min_samples_leaf': 1, 'min_samples_split': 2, 'min_weight_fraction_leaf': 0.0, 'random_state': 0, 'splitter': 'best'}