{
    "accuracy": 0.3156935855525352,
    "precision_micro": 0.3156935855525352,
    "recall_micro": 0.3156935855525352,
    "f1_micro": 0.3156935855525352,
    "fbeta_micro_0.5": 0.3156935855525352,
    "fbeta_micro_2": 0.3156935855525352,
    "fbeta_micro_3": 0.3156935855525351,
    "fbeta_micro_4": 0.3156935855525352,
    "precision_macro": 0.327844463734065,
    "recall_macro": 0.2728285008899442,
    "f1_macro": 0.2165041683727333,
    "fbeta_macro_0.5": 0.20694886004641763,
    "fbeta_macro_2": 0.24474262855635823,
    "fbeta_macro_3": 0.25773234155928815,
    "fbeta_macro_4": 0.26367552911227055,
    "precision_weighted": 0.32314960247945573,
    "recall_weighted": 0.3156935855525352,
    "f1_weighted": 0.24803159863352786,
    "fbeta_weighted_0.5": 0.23307492267946794,
    "fbeta_weighted_2": 0.28238839496645557,
    "fbeta_weighted_3": 0.29783712010200114,
    "fbeta_weighted_4": 0.3048766602963056
}{'C': 1.0, 'class_weight': None, 'dual': False, 'fit_intercept': True, 'intercept_scaling': 1, 'l1_ratio': None, 'max_iter': 100, 'multi_class': 'multinomial', 'n_jobs': None, 'penalty': 'l2', 'random_state': 0, 'solver': 'saga', 'tol': 0.0001, 'verbose': 0, 'warm_start': False}