{
    "accuracy": 0.3194967485751078,
    "precision_micro": 0.3194967485751078,
    "recall_micro": 0.3194967485751078,
    "f1_micro": 0.3194967485751078,
    "fbeta_micro_0.5": 0.3194967485751078,
    "fbeta_micro_2": 0.3194967485751078,
    "fbeta_micro_3": 0.3194967485751078,
    "fbeta_micro_4": 0.3194967485751078,
    "precision_macro": 0.3007248618573154,
    "recall_macro": 0.27958692012858327,
    "f1_macro": 0.23774046015498704,
    "fbeta_macro_0.5": 0.2290817517817588,
    "fbeta_macro_2": 0.2586579128098477,
    "fbeta_macro_3": 0.26835314838892405,
    "fbeta_macro_4": 0.272783238413389,
    "precision_weighted": 0.3047669323159276,
    "recall_weighted": 0.3194967485751078,
    "f1_weighted": 0.26791046839365407,
    "fbeta_weighted_0.5": 0.2546487430460219,
    "fbeta_weighted_2": 0.2941977289491947,
    "fbeta_weighted_3": 0.3059778290311294,
    "fbeta_weighted_4": 0.3113224851805699
}{'activation': 'relu', 'alpha': 0.0001, 'batch_size': 200, 'beta_1': 0.9, 'beta_2': 0.999, 'early_stopping': False, 'epsilon': 1e-08, 'hidden_layer_sizes': (20,), 'learning_rate': 'constant', 'learning_rate_init': 0.001, 'max_fun': 15000, 'max_iter': 200, 'momentum': 0.9, 'n_iter_no_change': 10, 'nesterovs_momentum': True, 'power_t': 0.5, 'random_state': None, 'shuffle': True, 'solver': 'adam', 'tol': 0.0001, 'validation_fraction': 0.1, 'verbose': False, 'warm_start': False}{'hidden_layer_sizes': (20,), 'batch_size': 200}