{
    "accuracy": 0.39081756897217357,
    "precision_micro": 0.39081756897217357,
    "recall_micro": 0.39081756897217357,
    "f1_micro": 0.39081756897217357,
    "fbeta_micro_0.5": 0.39081756897217357,
    "fbeta_micro_2": 0.39081756897217357,
    "fbeta_micro_3": 0.39081756897217357,
    "fbeta_micro_4": 0.39081756897217357,
    "precision_macro": 0.3649511782408321,
    "recall_macro": 0.34899516297975913,
    "f1_macro": 0.32277009636785015,
    "fbeta_macro_0.5": 0.33432176265910946,
    "fbeta_macro_2": 0.33234868907651954,
    "fbeta_macro_3": 0.33957002123694785,
    "fbeta_macro_4": 0.34317104198388354,
    "precision_weighted": 0.3717211645975949,
    "recall_weighted": 0.39081756897217357,
    "f1_weighted": 0.3497880597117444,
    "fbeta_weighted_0.5": 0.35161459043414184,
    "fbeta_weighted_2": 0.36784738926510246,
    "fbeta_weighted_3": 0.3781093412125588,
    "fbeta_weighted_4": 0.38302799288738515
}{'alpha': 100, 'class_prior': None, 'fit_prior': True, 'force_alpha': True}{'force_alpha': True, 'fit_prior': True, 'alpha': 100}