{
    "accuracy": 0.30894787608513197,
    "precision_micro": 0.30894787608513197,
    "recall_micro": 0.30894787608513197,
    "f1_micro": 0.30894787608513197,
    "fbeta_micro_0.5": 0.30894787608513197,
    "fbeta_micro_2": 0.30894787608513197,
    "fbeta_micro_3": 0.30894787608513197,
    "fbeta_micro_4": 0.30894787608513197,
    "precision_macro": 0.2704251611395185,
    "recall_macro": 0.2695167765067379,
    "f1_macro": 0.23835932730464443,
    "fbeta_macro_0.5": 0.22802305322994632,
    "fbeta_macro_2": 0.25458830636672003,
    "fbeta_macro_3": 0.26155479810546045,
    "fbeta_macro_4": 0.26470285839098656,
    "precision_weighted": 0.2830172152834553,
    "recall_weighted": 0.30894787608513197,
    "f1_weighted": 0.2688161862704192,
    "fbeta_weighted_0.5": 0.2542668168954665,
    "fbeta_weighted_2": 0.2899582815123875,
    "fbeta_weighted_3": 0.2988547921602794,
    "fbeta_weighted_4": 0.3028536965847575
}{'alpha': 0, 'class_prior': None, 'fit_prior': True, 'force_alpha': True}{'force_alpha': True, 'fit_prior': True, 'alpha': 0}