{
    "accuracy": 0.33010560072154227,
    "precision_micro": 0.33010560072154227,
    "recall_micro": 0.33010560072154227,
    "f1_micro": 0.33010560072154227,
    "fbeta_micro_0.5": 0.3301056007215423,
    "fbeta_micro_2": 0.3301056007215423,
    "fbeta_micro_3": 0.3301056007215423,
    "fbeta_micro_4": 0.33010560072154227,
    "precision_macro": 0.30204095164767475,
    "recall_macro": 0.27352570447331,
    "f1_macro": 0.21847348462951166,
    "fbeta_macro_0.5": 0.2100151461878014,
    "fbeta_macro_2": 0.24611935420748088,
    "fbeta_macro_3": 0.2587821668295173,
    "fbeta_macro_4": 0.2645807141240383,
    "precision_weighted": 0.3087639555031467,
    "recall_weighted": 0.33010560072154227,
    "f1_weighted": 0.25985910318183947,
    "fbeta_weighted_0.5": 0.24247702783722633,
    "fbeta_weighted_2": 0.2958506685526726,
    "fbeta_weighted_3": 0.3117495853330725,
    "fbeta_weighted_4": 0.3189841841382892
}{'activation': 'relu', 'alpha': 0.0001, 'batch_size': 200, 'beta_1': 0.9, 'beta_2': 0.999, 'early_stopping': False, 'epsilon': 1e-08, 'hidden_layer_sizes': (20,), 'learning_rate': 'constant', 'learning_rate_init': 0.001, 'max_fun': 15000, 'max_iter': 200, 'momentum': 0.9, 'n_iter_no_change': 10, 'nesterovs_momentum': True, 'power_t': 0.5, 'random_state': None, 'shuffle': True, 'solver': 'adam', 'tol': 0.0001, 'validation_fraction': 0.1, 'verbose': False, 'warm_start': False}{'hidden_layer_sizes': (20,), 'batch_size': 200}