{
    "accuracy": 0.38809683174604626,
    "precision_micro": 0.38809683174604626,
    "recall_micro": 0.38809683174604626,
    "f1_micro": 0.38809683174604626,
    "fbeta_micro_0.5": 0.38809683174604626,
    "fbeta_micro_2": 0.38809683174604626,
    "fbeta_micro_3": 0.38809683174604626,
    "fbeta_micro_4": 0.38809683174604626,
    "precision_macro": 0.36948326593578895,
    "recall_macro": 0.3656554792002065,
    "f1_macro": 0.36360124078263745,
    "fbeta_macro_0.5": 0.3660026342121155,
    "fbeta_macro_2": 0.36401085270928607,
    "fbeta_macro_3": 0.3647021163633624,
    "fbeta_macro_4": 0.3650633064744111,
    "precision_weighted": 0.3788523547770275,
    "recall_weighted": 0.38809683174604626,
    "f1_weighted": 0.3799599630834883,
    "fbeta_weighted_0.5": 0.37833764421216054,
    "fbeta_weighted_2": 0.3840763485934474,
    "fbeta_weighted_3": 0.3859616657147937,
    "fbeta_weighted_4": 0.38681069715958444
}{'ccp_alpha': 0.0, 'class_weight': None, 'criterion': 'gini', 'max_depth': None, 'max_features': None, 'max_leaf_nodes': None, 'min_impurity_decrease': 0.0, 'min_samples_leaf': 1, 'min_samples_split': 2, 'min_weight_fraction_leaf': 0.0, 'random_state': 0, 'splitter': 'best'}