{
    "accuracy": 0.38604084039018116,
    "precision_micro": 0.38604084039018116,
    "recall_micro": 0.38604084039018116,
    "f1_micro": 0.3860408403901811,
    "fbeta_micro_0.5": 0.38604084039018116,
    "fbeta_micro_2": 0.38604084039018116,
    "fbeta_micro_3": 0.3860408403901812,
    "fbeta_micro_4": 0.38604084039018116,
    "precision_macro": 0.370019266749309,
    "recall_macro": 0.37080216879698114,
    "f1_macro": 0.3577606963085635,
    "fbeta_macro_0.5": 0.361749046599386,
    "fbeta_macro_2": 0.36260196303533726,
    "fbeta_macro_3": 0.36617713974739746,
    "fbeta_macro_4": 0.36795069034333655,
    "precision_weighted": 0.3807788140619016,
    "recall_weighted": 0.38604084039018116,
    "f1_weighted": 0.36907878518412623,
    "fbeta_weighted_0.5": 0.37228362313336105,
    "fbeta_weighted_2": 0.375874343779393,
    "fbeta_weighted_3": 0.38036222641510814,
    "fbeta_weighted_4": 0.38255200093968883
}{'alpha': 1e-05, 'class_prior': None, 'fit_prior': True, 'force_alpha': True}{'force_alpha': True, 'fit_prior': True, 'alpha': 1e-05}