{
    "accuracy": 0.39171758316361166,
    "precision_micro": 0.39171758316361166,
    "recall_micro": 0.39171758316361166,
    "f1_micro": 0.39171758316361166,
    "fbeta_micro_0.5": 0.39171758316361166,
    "fbeta_micro_2": 0.39171758316361166,
    "fbeta_micro_3": 0.3917175831636117,
    "fbeta_micro_4": 0.3917175831636117,
    "precision_macro": 0.3796139428642588,
    "recall_macro": 0.37721884047999943,
    "f1_macro": 0.37760682042603655,
    "fbeta_macro_0.5": 0.3786166791643652,
    "fbeta_macro_2": 0.37717878206404426,
    "fbeta_macro_3": 0.3771660559994419,
    "fbeta_macro_4": 0.37717983304680996,
    "precision_weighted": 0.3895956187535412,
    "recall_weighted": 0.39171758316361166,
    "f1_weighted": 0.3898723667392961,
    "fbeta_weighted_0.5": 0.38952122984061366,
    "fbeta_weighted_2": 0.390787148047363,
    "fbeta_weighted_3": 0.39121983522066983,
    "fbeta_weighted_4": 0.3914168650072766
}{'ccp_alpha': 0.0, 'class_weight': None, 'criterion': 'gini', 'max_depth': None, 'max_features': None, 'max_leaf_nodes': None, 'min_impurity_decrease': 0.0, 'min_samples_leaf': 1, 'min_samples_split': 2, 'min_weight_fraction_leaf': 0.0, 'random_state': 0, 'splitter': 'best'}