{
    "accuracy": 0.41718476435487906,
    "precision_micro": 0.41718476435487906,
    "recall_micro": 0.41718476435487906,
    "f1_micro": 0.4171847643548791,
    "fbeta_micro_0.5": 0.41718476435487906,
    "fbeta_micro_2": 0.41718476435487906,
    "fbeta_micro_3": 0.41718476435487906,
    "fbeta_micro_4": 0.41718476435487906,
    "precision_macro": 0.41895541832523847,
    "recall_macro": 0.3724676464103114,
    "f1_macro": 0.3445146078717189,
    "fbeta_macro_0.5": 0.3525045564474268,
    "fbeta_macro_2": 0.35794711862016415,
    "fbeta_macro_3": 0.3647353531392025,
    "fbeta_macro_4": 0.36780773462404914,
    "precision_weighted": 0.418094604523342,
    "recall_weighted": 0.41718476435487906,
    "f1_weighted": 0.3789162230455801,
    "fbeta_weighted_0.5": 0.37580172044551624,
    "fbeta_weighted_2": 0.39885440236545455,
    "fbeta_weighted_3": 0.4075625447824104,
    "fbeta_weighted_4": 0.4114146145818713
}{'C': 1.0, 'class_weight': None, 'dual': False, 'fit_intercept': True, 'intercept_scaling': 1, 'l1_ratio': None, 'max_iter': 100, 'multi_class': 'multinomial', 'n_jobs': None, 'penalty': 'l2', 'random_state': 0, 'solver': 'saga', 'tol': 0.0001, 'verbose': 0, 'warm_start': False}