{
    "accuracy": 0.3000689413873988,
    "precision_micro": 0.3000689413873988,
    "recall_micro": 0.3000689413873988,
    "f1_micro": 0.3000689413873988,
    "fbeta_micro_0.5": 0.3000689413873988,
    "fbeta_micro_2": 0.3000689413873988,
    "fbeta_micro_3": 0.3000689413873988,
    "fbeta_micro_4": 0.3000689413873988,
    "precision_macro": 0.28432249942075927,
    "recall_macro": 0.2815837877463653,
    "f1_macro": 0.2788843153859406,
    "fbeta_macro_0.5": 0.28093608018274113,
    "fbeta_macro_2": 0.27969423092713774,
    "fbeta_macro_3": 0.2805115812271326,
    "fbeta_macro_4": 0.280922674565067,
    "precision_weighted": 0.29165810175610485,
    "recall_weighted": 0.3000689413873988,
    "f1_weighted": 0.29229201077185374,
    "fbeta_weighted_0.5": 0.2908961759581903,
    "fbeta_weighted_2": 0.2962079822454998,
    "fbeta_weighted_3": 0.29801745106592403,
    "fbeta_weighted_4": 0.29883307028803835
}{'ccp_alpha': 0.0, 'class_weight': None, 'criterion': 'gini', 'max_depth': None, 'max_features': None, 'max_leaf_nodes': None, 'min_impurity_decrease': 0.0, 'min_samples_leaf': 1, 'min_samples_split': 2, 'min_weight_fraction_leaf': 0.0, 'random_state': 0, 'splitter': 'best'}