{
    "accuracy": 0.30454081516462084,
    "precision_micro": 0.30454081516462084,
    "recall_micro": 0.30454081516462084,
    "f1_micro": 0.30454081516462084,
    "fbeta_micro_0.5": 0.30454081516462084,
    "fbeta_micro_2": 0.30454081516462084,
    "fbeta_micro_3": 0.30454081516462084,
    "fbeta_micro_4": 0.30454081516462084,
    "precision_macro": 0.2836014656710756,
    "recall_macro": 0.2695346900304204,
    "f1_macro": 0.23896271247393766,
    "fbeta_macro_0.5": 0.23889730376590093,
    "fbeta_macro_2": 0.2534591550353988,
    "fbeta_macro_3": 0.26080757186121173,
    "fbeta_macro_4": 0.26422595037971114,
    "precision_weighted": 0.28877896862798036,
    "recall_weighted": 0.30454081516462084,
    "f1_weighted": 0.26482945900108146,
    "fbeta_weighted_0.5": 0.25870207760666314,
    "fbeta_weighted_2": 0.2845310685207912,
    "fbeta_weighted_3": 0.2937723599305225,
    "fbeta_weighted_4": 0.2980108903727868
}{'alpha': 1e-05, 'class_prior': None, 'fit_prior': True, 'force_alpha': True}{'force_alpha': True, 'fit_prior': True, 'alpha': 1e-05}