{
    "accuracy": 0.32834733209252637,
    "precision_micro": 0.32834733209252637,
    "recall_micro": 0.32834733209252637,
    "f1_micro": 0.32834733209252637,
    "fbeta_micro_0.5": 0.32834733209252637,
    "fbeta_micro_2": 0.32834733209252637,
    "fbeta_micro_3": 0.32834733209252637,
    "fbeta_micro_4": 0.32834733209252637,
    "precision_macro": 0.32766922144554805,
    "recall_macro": 0.2881347439753838,
    "f1_macro": 0.24819750382314582,
    "fbeta_macro_0.5": 0.24958949392101043,
    "fbeta_macro_2": 0.26710982894252416,
    "fbeta_macro_3": 0.2767442147769506,
    "fbeta_macro_4": 0.28121342589240256,
    "precision_weighted": 0.32718920264025625,
    "recall_weighted": 0.32834733209252637,
    "f1_weighted": 0.2773404956942441,
    "fbeta_weighted_0.5": 0.2715515400419009,
    "fbeta_weighted_2": 0.30252301752612,
    "fbeta_weighted_3": 0.3144622941291098,
    "fbeta_weighted_4": 0.31993287843965845
}{'bootstrap': True, 'ccp_alpha': 0.0, 'class_weight': None, 'criterion': 'gini', 'max_depth': None, 'max_features': 'sqrt', 'max_leaf_nodes': None, 'max_samples': None, 'min_impurity_decrease': 0.0, 'min_samples_leaf': 10, 'min_samples_split': 2, 'min_weight_fraction_leaf': 0.0, 'n_estimators': 100, 'n_jobs': None, 'oob_score': False, 'random_state': None, 'verbose': 0, 'warm_start': False}{'n_estimators': 100, 'min_samples_leaf': 10}