{
    "accuracy": 0.390822137800429,
    "precision_micro": 0.390822137800429,
    "recall_micro": 0.390822137800429,
    "f1_micro": 0.390822137800429,
    "fbeta_micro_0.5": 0.390822137800429,
    "fbeta_micro_2": 0.390822137800429,
    "fbeta_micro_3": 0.39082213780042907,
    "fbeta_micro_4": 0.390822137800429,
    "precision_macro": 0.36499790414415906,
    "recall_macro": 0.3489570868439784,
    "f1_macro": 0.3226249249590965,
    "fbeta_macro_0.5": 0.3342298058562365,
    "fbeta_macro_2": 0.33223680007568224,
    "fbeta_macro_3": 0.33948875129551825,
    "fbeta_macro_4": 0.3431058833970222,
    "precision_weighted": 0.37174243995603945,
    "recall_weighted": 0.390822137800429,
    "f1_weighted": 0.3496524976880541,
    "fbeta_weighted_0.5": 0.3515198152824423,
    "fbeta_weighted_2": 0.36776041952219385,
    "fbeta_weighted_3": 0.37806078400653015,
    "fbeta_weighted_4": 0.38299934282681036
}{'alpha': 1000, 'class_prior': None, 'fit_prior': True, 'force_alpha': True}{'force_alpha': True, 'fit_prior': True, 'alpha': 1000}