{
    "accuracy": 0.42195930253331904,
    "precision_micro": 0.42195930253331904,
    "recall_micro": 0.42195930253331904,
    "f1_micro": 0.42195930253331904,
    "fbeta_micro_0.5": 0.42195930253331904,
    "fbeta_micro_2": 0.42195930253331904,
    "fbeta_micro_3": 0.42195930253331904,
    "fbeta_micro_4": 0.42195930253331904,
    "precision_macro": 0.41734517712753433,
    "recall_macro": 0.3845980462759957,
    "f1_macro": 0.3714960938622342,
    "fbeta_macro_0.5": 0.3842894751891941,
    "fbeta_macro_2": 0.3760680921619941,
    "fbeta_macro_3": 0.3798689235475224,
    "fbeta_macro_4": 0.3817077170325947,
    "precision_weighted": 0.41867311896230874,
    "recall_weighted": 0.42195930253331904,
    "f1_weighted": 0.39760144926112273,
    "fbeta_weighted_0.5": 0.3994093167933228,
    "fbeta_weighted_2": 0.40937629538245884,
    "fbeta_weighted_3": 0.4152444780778295,
    "fbeta_weighted_4": 0.41790869419754617
}{'activation': 'relu', 'alpha': 0.0001, 'batch_size': 200, 'beta_1': 0.9, 'beta_2': 0.999, 'early_stopping': False, 'epsilon': 1e-08, 'hidden_layer_sizes': (20,), 'learning_rate': 'constant', 'learning_rate_init': 0.001, 'max_fun': 15000, 'max_iter': 200, 'momentum': 0.9, 'n_iter_no_change': 10, 'nesterovs_momentum': True, 'power_t': 0.5, 'random_state': None, 'shuffle': True, 'solver': 'adam', 'tol': 0.0001, 'validation_fraction': 0.1, 'verbose': False, 'warm_start': False}{'hidden_layer_sizes': (20,), 'batch_size': 200}