{
    "accuracy": 0.4154024338148117,
    "precision_micro": 0.4154024338148117,
    "recall_micro": 0.4154024338148117,
    "f1_micro": 0.41540243381481173,
    "fbeta_micro_0.5": 0.4154024338148117,
    "fbeta_micro_2": 0.4154024338148117,
    "fbeta_micro_3": 0.4154024338148117,
    "fbeta_micro_4": 0.41540243381481173,
    "precision_macro": 0.40867282658266174,
    "recall_macro": 0.3669784641871881,
    "f1_macro": 0.33024540633018834,
    "fbeta_macro_0.5": 0.34520716207886243,
    "fbeta_macro_2": 0.3445077876805395,
    "fbeta_macro_3": 0.35432095941724673,
    "fbeta_macro_4": 0.35916682119748367,
    "precision_weighted": 0.4098585341524861,
    "recall_weighted": 0.4154024338148117,
    "f1_weighted": 0.36206702706116156,
    "fbeta_weighted_0.5": 0.36544109306096745,
    "fbeta_weighted_2": 0.38568168238409944,
    "fbeta_weighted_3": 0.3989400628835673,
    "fbeta_weighted_4": 0.4053019769939305
}{'bootstrap': True, 'ccp_alpha': 0.0, 'class_weight': None, 'criterion': 'gini', 'max_depth': None, 'max_features': 'sqrt', 'max_leaf_nodes': None, 'max_samples': None, 'min_impurity_decrease': 0.0, 'min_samples_leaf': 10, 'min_samples_split': 2, 'min_weight_fraction_leaf': 0.0, 'n_estimators': 100, 'n_jobs': None, 'oob_score': False, 'random_state': None, 'verbose': 0, 'warm_start': False}{'n_estimators': 100, 'min_samples_leaf': 10}