{
    "accuracy": 0.3271367548134137,
    "precision_micro": 0.3271367548134137,
    "recall_micro": 0.3271367548134137,
    "f1_micro": 0.3271367548134137,
    "fbeta_micro_0.5": 0.3271367548134137,
    "fbeta_micro_2": 0.3271367548134137,
    "fbeta_micro_3": 0.32713675481341364,
    "fbeta_micro_4": 0.3271367548134137,
    "precision_macro": 0.29406504505493714,
    "recall_macro": 0.2684958296988428,
    "f1_macro": 0.20488395913497062,
    "fbeta_macro_0.5": 0.1823090052737151,
    "fbeta_macro_2": 0.238343917797101,
    "fbeta_macro_3": 0.2524472164989135,
    "fbeta_macro_4": 0.2587981829261957,
    "precision_weighted": 0.30164707148452546,
    "recall_weighted": 0.3271367548134137,
    "f1_weighted": 0.24910833323416356,
    "fbeta_weighted_0.5": 0.2203659203397992,
    "fbeta_weighted_2": 0.29024281871027174,
    "fbeta_weighted_3": 0.30750858796018693,
    "fbeta_weighted_4": 0.31527798780543176
}{'C': 1.0, 'class_weight': None, 'dual': False, 'fit_intercept': True, 'intercept_scaling': 1, 'l1_ratio': None, 'max_iter': 100, 'multi_class': 'multinomial', 'n_jobs': None, 'penalty': 'l2', 'random_state': 0, 'solver': 'saga', 'tol': 0.0001, 'verbose': 0, 'warm_start': False}