{
    "accuracy": 0.42937792546539466,
    "precision_micro": 0.42937792546539466,
    "recall_micro": 0.42937792546539466,
    "f1_micro": 0.42937792546539466,
    "fbeta_micro_0.5": 0.42937792546539466,
    "fbeta_micro_2": 0.42937792546539466,
    "fbeta_micro_3": 0.42937792546539466,
    "fbeta_micro_4": 0.42937792546539466,
    "precision_macro": 0.43086539767720256,
    "recall_macro": 0.391010158734435,
    "f1_macro": 0.3774171978761043,
    "fbeta_macro_0.5": 0.39196852115871167,
    "fbeta_macro_2": 0.38208236758142045,
    "fbeta_macro_3": 0.3860602187696654,
    "fbeta_macro_4": 0.3879851910884988,
    "precision_weighted": 0.43008338234001015,
    "recall_weighted": 0.42937792546539466,
    "f1_weighted": 0.4040703473173417,
    "fbeta_weighted_0.5": 0.40682911584166576,
    "fbeta_weighted_2": 0.4162561947767065,
    "fbeta_weighted_3": 0.42237542595802835,
    "fbeta_weighted_4": 0.4251540425573962
}{'bootstrap': True, 'ccp_alpha': 0.0, 'class_weight': None, 'criterion': 'gini', 'max_depth': None, 'max_features': 'sqrt', 'max_leaf_nodes': None, 'max_samples': None, 'min_impurity_decrease': 0.0, 'min_samples_leaf': 10, 'min_samples_split': 2, 'min_weight_fraction_leaf': 0.0, 'n_estimators': 100, 'n_jobs': None, 'oob_score': False, 'random_state': None, 'verbose': 0, 'warm_start': False}{'n_estimators': 100, 'min_samples_leaf': 10}