{
    "accuracy": 0.5440786432099667,
    "precision": 0.4255253892112721,
    "recall": 0.55224736096295,
    "f1": 0.48067462132235755,
    "roc_auc": 0.5456376643957898,
    "precision_recall_auc": 0.5744218156302164,
    "fbeta_0.5": 0.4459934525049441,
    "fbeta_2": 0.5212043072798801,
    "fbeta_3": 0.5362769684619358,
    "fbeta_4": 0.5427397984026481
}{'bootstrap': True, 'ccp_alpha': 0.0, 'class_weight': None, 'criterion': 'gini', 'max_depth': None, 'max_features': 'sqrt', 'max_leaf_nodes': None, 'max_samples': None, 'min_impurity_decrease': 0.0, 'min_samples_leaf': 5, 'min_samples_split': 2, 'min_weight_fraction_leaf': 0.0, 'n_estimators': 100, 'n_jobs': None, 'oob_score': False, 'random_state': None, 'verbose': 0, 'warm_start': False}