{
    "accuracy": 0.8102737987602145,
    "precision": 0.7874396135265701,
    "recall": 0.000775562639767807,
    "f1": 0.0015495990531284314,
    "roc_auc": 0.5003632539456621,
    "precision_recall_auc": 0.4889508174507121,
    "fbeta_0.5": 0.003862595853989137,
    "fbeta_2": 0.0009692146507200135,
    "fbeta_3": 0.0008616419724306285,
    "fbeta_4": 0.0008239845824782995
}{'bootstrap': True, 'ccp_alpha': 0.0, 'class_weight': None, 'criterion': 'gini', 'max_depth': None, 'max_features': 'sqrt', 'max_leaf_nodes': None, 'max_samples': None, 'min_impurity_decrease': 0.0, 'min_samples_leaf': 5, 'min_samples_split': 2, 'min_weight_fraction_leaf': 0.0, 'n_estimators': 100, 'n_jobs': None, 'oob_score': False, 'random_state': None, 'verbose': 0, 'warm_start': False}{'n_estimators': 100, 'min_samples_leaf': 5}