{
    "accuracy": 0.6685718982555751,
    "precision": 0.5898198903680502,
    "recall": 0.010231471419256684,
    "f1": 0.020114029348537246,
    "roc_auc": 0.5033438592254534,
    "precision_recall_auc": 0.46455694063169606,
    "fbeta_0.5": 0.047838016360957275,
    "fbeta_2": 0.01273411532388137,
    "fbeta_3": 0.011346432246042232,
    "fbeta_4": 0.010859165166270472
}{'bootstrap': True, 'ccp_alpha': 0.0, 'class_weight': None, 'criterion': 'gini', 'max_depth': None, 'max_features': 'sqrt', 'max_leaf_nodes': None, 'max_samples': None, 'min_impurity_decrease': 0.0, 'min_samples_leaf': 5, 'min_samples_split': 2, 'min_weight_fraction_leaf': 0.0, 'n_estimators': 100, 'n_jobs': None, 'oob_score': False, 'random_state': None, 'verbose': 0, 'warm_start': False}{'n_estimators': 100, 'min_samples_leaf': 5}