{
    "accuracy": 0.7638265528706282,
    "precision": 0.23833034111310591,
    "recall": 0.11116715040205548,
    "f1": 0.15161485000097338,
    "roc_auc": 0.5139606211463741,
    "precision_recall_auc": 0.2591139540850806,
    "fbeta_0.5": 0.19395714413795162,
    "fbeta_2": 0.1244471147700253,
    "fbeta_3": 0.11743288221226582,
    "fbeta_4": 0.11476927557941165
}{'ccp_alpha': 0.0, 'class_weight': None, 'criterion': 'gini', 'max_depth': None, 'max_features': None, 'max_leaf_nodes': None, 'min_impurity_decrease': 0.0, 'min_samples_leaf': 1, 'min_samples_split': 2, 'min_weight_fraction_leaf': 0.0, 'random_state': 0, 'splitter': 'best'}