{
    "accuracy": 0.6596858355003536,
    "precision": 0.42115027829313545,
    "recall": 0.0006026239361165534,
    "f1": 0.0012035257472330838,
    "roc_auc": 0.500087742357371,
    "precision_recall_auc": 0.38089262812051605,
    "fbeta_0.5": 0.002995971935529852,
    "fbeta_2": 0.000753010549445592,
    "fbeta_3": 0.000669475712040506,
    "fbeta_4": 0.000640230675493964
}{'C': 1.0, 'class_weight': None, 'dual': False, 'fit_intercept': True, 'intercept_scaling': 1, 'l1_ratio': None, 'max_iter': 100, 'multi_class': 'auto', 'n_jobs': None, 'penalty': 'l2', 'random_state': 0, 'solver': 'saga', 'tol': 0.0001, 'verbose': 0, 'warm_start': False}