{
    "accuracy": 0.8222706157468836,
    "precision": 0.7306590257879656,
    "recall": 0.0012948763520032498,
    "f1": 0.002585171254923231,
    "roc_auc": 0.5005958010029501,
    "precision_recall_auc": 0.45479919097561405,
    "fbeta_0.5": 0.0064288091324385096,
    "fbeta_2": 0.00161787863753047,
    "fbeta_3": 0.0014384682513133777,
    "fbeta_4": 0.0013756537528691185
}{'bootstrap': True, 'ccp_alpha': 0.0, 'class_weight': None, 'criterion': 'gini', 'max_depth': None, 'max_features': 'sqrt', 'max_leaf_nodes': None, 'max_samples': None, 'min_impurity_decrease': 0.0, 'min_samples_leaf': 5, 'min_samples_split': 2, 'min_weight_fraction_leaf': 0.0, 'n_estimators': 100, 'n_jobs': None, 'oob_score': False, 'random_state': None, 'verbose': 0, 'warm_start': False}{'n_estimators': 100, 'min_samples_leaf': 5}