{
    "accuracy": 0.4166547339690295,
    "precision": 0.13044329464410573,
    "recall": 0.6815890104001754,
    "f1": 0.21897827354286406,
    "roc_auc": 0.5310614906553577,
    "precision_recall_auc": 0.42511772267033,
    "fbeta_0.5": 0.15560896241785546,
    "fbeta_2": 0.3694179396870826,
    "fbeta_3": 0.4791428028415716,
    "fbeta_4": 0.5459089646815279
}{'bootstrap': True, 'ccp_alpha': 0.0, 'class_weight': None, 'criterion': 'gini', 'max_depth': None, 'max_features': 'sqrt', 'max_leaf_nodes': None, 'max_samples': None, 'min_impurity_decrease': 0.0, 'min_samples_leaf': 5, 'min_samples_split': 2, 'min_weight_fraction_leaf': 0.0, 'n_estimators': 100, 'n_jobs': None, 'oob_score': False, 'random_state': None, 'verbose': 0, 'warm_start': False}