{
    "accuracy": 0.43283839425827814,
    "precision": 0.19354853727118676,
    "recall": 0.665977862142983,
    "f1": 0.29993038296582997,
    "roc_auc": 0.5233971235152846,
    "precision_recall_auc": 0.460231029641304,
    "fbeta_0.5": 0.22554828713504033,
    "fbeta_2": 0.4475126584458528,
    "fbeta_3": 0.5353139843455264,
    "fbeta_4": 0.5823615977113402
}{'bootstrap': True, 'ccp_alpha': 0.0, 'class_weight': None, 'criterion': 'gini', 'max_depth': None, 'max_features': 'sqrt', 'max_leaf_nodes': None, 'max_samples': None, 'min_impurity_decrease': 0.0, 'min_samples_leaf': 5, 'min_samples_split': 2, 'min_weight_fraction_leaf': 0.0, 'n_estimators': 100, 'n_jobs': None, 'oob_score': False, 'random_state': None, 'verbose': 0, 'warm_start': False}