{
    "accuracy": 0.40407718361061024,
    "precision": 0.10644504528737658,
    "recall": 0.6710326277628348,
    "f1": 0.18374315025997992,
    "roc_auc": 0.5227316077354985,
    "precision_recall_auc": 0.40517965862465655,
    "fbeta_0.5": 0.12798094337434318,
    "fbeta_2": 0.3256166315305628,
    "fbeta_3": 0.43846796024139434,
    "fbeta_4": 0.5114571358536717
}{'bootstrap': True, 'ccp_alpha': 0.0, 'class_weight': None, 'criterion': 'gini', 'max_depth': None, 'max_features': 'sqrt', 'max_leaf_nodes': None, 'max_samples': None, 'min_impurity_decrease': 0.0, 'min_samples_leaf': 10, 'min_samples_split': 2, 'min_weight_fraction_leaf': 0.0, 'n_estimators': 100, 'n_jobs': None, 'oob_score': False, 'random_state': None, 'verbose': 0, 'warm_start': False}