{
    "accuracy": 0.5298380757283085,
    "precision": 0.3577366661431104,
    "recall": 0.5788809614581631,
    "f1": 0.44220168218725947,
    "roc_auc": 0.5427169825758176,
    "precision_recall_auc": 0.536095790308321,
    "fbeta_0.5": 0.3873302738697679,
    "fbeta_2": 0.5151858362469545,
    "fbeta_3": 0.5451792757843049,
    "fbeta_4": 0.5585695266790457
}{'bootstrap': True, 'ccp_alpha': 0.0, 'class_weight': None, 'criterion': 'gini', 'max_depth': None, 'max_features': 'sqrt', 'max_leaf_nodes': None, 'max_samples': None, 'min_impurity_decrease': 0.0, 'min_samples_leaf': 5, 'min_samples_split': 2, 'min_weight_fraction_leaf': 0.0, 'n_estimators': 100, 'n_jobs': None, 'oob_score': False, 'random_state': None, 'verbose': 0, 'warm_start': False}