{
    "accuracy": 0.5223920724027388,
    "precision": 0.20361034982599663,
    "recall": 0.555769138353597,
    "f1": 0.2980337247558262,
    "roc_auc": 0.5353567784915928,
    "precision_recall_auc": 0.420210262972195,
    "fbeta_0.5": 0.2331581147357004,
    "fbeta_2": 0.41293051532109676,
    "fbeta_3": 0.4738187648345765,
    "fbeta_4": 0.5044469399117882
}{'bootstrap': True, 'ccp_alpha': 0.0, 'class_weight': None, 'criterion': 'gini', 'max_depth': None, 'max_features': 'sqrt', 'max_leaf_nodes': None, 'max_samples': None, 'min_impurity_decrease': 0.0, 'min_samples_leaf': 5, 'min_samples_split': 2, 'min_weight_fraction_leaf': 0.0, 'n_estimators': 100, 'n_jobs': None, 'oob_score': False, 'random_state': None, 'verbose': 0, 'warm_start': False}