{
    "accuracy": 0.576393130272913,
    "precision": 0.12019642942874975,
    "recall": 0.5123669746228511,
    "f1": 0.19471464998583388,
    "roc_auc": 0.547935247903387,
    "precision_recall_auc": 0.3406521669918873,
    "fbeta_0.5": 0.1419221400158078,
    "fbeta_2": 0.31004638753940816,
    "fbeta_3": 0.38632040014196306,
    "fbeta_4": 0.42986464512089023
}{'bootstrap': True, 'ccp_alpha': 0.0, 'class_weight': None, 'criterion': 'gini', 'max_depth': None, 'max_features': 'sqrt', 'max_leaf_nodes': None, 'max_samples': None, 'min_impurity_decrease': 0.0, 'min_samples_leaf': 10, 'min_samples_split': 2, 'min_weight_fraction_leaf': 0.0, 'n_estimators': 100, 'n_jobs': None, 'oob_score': False, 'random_state': None, 'verbose': 0, 'warm_start': False}