{
    "accuracy": 0.5410206780245683,
    "precision": 0.33494168610463176,
    "recall": 0.5337170528640911,
    "f1": 0.4115864644413143,
    "roc_auc": 0.5389396519573516,
    "precision_recall_auc": 0.5044506780066205,
    "fbeta_0.5": 0.3618984800523067,
    "fbeta_2": 0.47709003368051733,
    "fbeta_3": 0.5038173754741645,
    "fbeta_4": 0.5157137114249601
}{'bootstrap': True, 'ccp_alpha': 0.0, 'class_weight': None, 'criterion': 'gini', 'max_depth': None, 'max_features': 'sqrt', 'max_leaf_nodes': None, 'max_samples': None, 'min_impurity_decrease': 0.0, 'min_samples_leaf': 5, 'min_samples_split': 2, 'min_weight_fraction_leaf': 0.0, 'n_estimators': 100, 'n_jobs': None, 'oob_score': False, 'random_state': None, 'verbose': 0, 'warm_start': False}{'n_estimators': 100, 'min_samples_leaf': 5}