{
    "accuracy": 0.4491196471399174,
    "precision": 0.07812560422768791,
    "recall": 0.6436725107870446,
    "f1": 0.13933897244651136,
    "roc_auc": 0.5391552048296651,
    "fbeta_0.5": 0.09478099972709077,
    "fbeta_2": 0.2629607950036333,
    "fbeta_3": 0.3733827867947852,
    "fbeta_4": 0.4514401491693722
}{'alpha': 0.2, 'class_prior': None, 'fit_prior': True, 'force_alpha': True, 'norm': False}