{
    "accuracy": 0.48219838793797704,
    "precision": 0.10629429515364254,
    "recall": 0.6055603068124115,
    "f1": 0.18084481243184622,
    "roc_auc": 0.5374506241503476,
    "fbeta_0.5": 0.1272823842404823,
    "fbeta_2": 0.3122405402481719,
    "fbeta_3": 0.4120294243735319,
    "fbeta_4": 0.47446732704122657
}{'alpha': 0.2, 'class_prior': None, 'fit_prior': False, 'force_alpha': True}