{
    "accuracy": 0.44092816227325843,
    "precision": 0.12724611158032081,
    "recall": 0.632931291790811,
    "f1": 0.2118927645592487,
    "roc_auc": 0.5239940812123052,
    "fbeta_0.5": 0.15144587386432115,
    "fbeta_2": 0.3526444337786343,
    "fbeta_3": 0.4529326184152718,
    "fbeta_4": 0.5130063478888187
}{'alpha': 0, 'class_prior': None, 'fit_prior': True, 'force_alpha': True}