{
    "accuracy": 0.5397115795142876,
    "precision": 0.26518140692527187,
    "recall": 0.5716826359688426,
    "f1": 0.3623040253867069,
    "roc_auc": 0.5509566576911742,
    "fbeta_0.5": 0.29703141927252336,
    "fbeta_2": 0.4643434154766655,
    "fbeta_3": 0.5124524955412048,
    "fbeta_4": 0.5352887567028888
}{'bootstrap': True, 'ccp_alpha': 0.0, 'class_weight': None, 'criterion': 'gini', 'max_depth': None, 'max_features': 'sqrt', 'max_leaf_nodes': None, 'max_samples': None, 'min_impurity_decrease': 0.0, 'min_samples_leaf': 5, 'min_samples_split': 2, 'min_weight_fraction_leaf': 0.0, 'n_estimators': 100, 'n_jobs': None, 'oob_score': False, 'random_state': None, 'verbose': 0, 'warm_start': False}