{
    "accuracy": 0.5043826872030831,
    "precision": 0.10831153927609254,
    "recall": 0.5877341849961247,
    "f1": 0.18291440358654876,
    "roc_auc": 0.5417147641254894,
    "fbeta_0.5": 0.1294265300477303,
    "fbeta_2": 0.3117513219262557,
    "fbeta_3": 0.40740380518349734,
    "fbeta_4": 0.466317890905553
}{'C': 1.0, 'class_weight': None, 'dual': False, 'fit_intercept': True, 'intercept_scaling': 1, 'l1_ratio': None, 'max_iter': 100, 'multi_class': 'auto', 'n_jobs': None, 'penalty': 'l2', 'random_state': 0, 'solver': 'saga', 'tol': 0.0001, 'verbose': 0, 'warm_start': False}