{
    "accuracy": 0.5477226990971015,
    "precision": 0.13481201803035994,
    "recall": 0.5184530163737658,
    "f1": 0.2139826677086062,
    "roc_auc": 0.5350598164733787,
    "fbeta_0.5": 0.1582290483759231,
    "fbeta_2": 0.3304038265230141,
    "fbeta_3": 0.4035989387744639,
    "fbeta_4": 0.4441103144562527
}{'bootstrap': True, 'ccp_alpha': 0.0, 'class_weight': None, 'criterion': 'gini', 'max_depth': None, 'max_features': 'sqrt', 'max_leaf_nodes': None, 'max_samples': None, 'min_impurity_decrease': 0.0, 'min_samples_leaf': 10, 'min_samples_split': 2, 'min_weight_fraction_leaf': 0.0, 'n_estimators': 100, 'n_jobs': None, 'oob_score': False, 'random_state': None, 'verbose': 0, 'warm_start': False}