{
    "accuracy": 0.5272064633836401,
    "precision": 0.081403275548269,
    "recall": 0.5663334971871757,
    "f1": 0.1423461000339769,
    "roc_auc": 0.5453137492040971,
    "fbeta_0.5": 0.09822446343935609,
    "fbeta_2": 0.2584314002417576,
    "fbeta_3": 0.354909281755664,
    "fbeta_4": 0.41937593108143634
}{'C': 1.0, 'class_weight': None, 'dual': False, 'fit_intercept': True, 'intercept_scaling': 1, 'l1_ratio': None, 'max_iter': 100, 'multi_class': 'auto', 'n_jobs': None, 'penalty': 'l2', 'random_state': 0, 'solver': 'saga', 'tol': 0.0001, 'verbose': 0, 'warm_start': False}