{
    "accuracy": 0.5474880980985337,
    "precision": 0.14640325602287543,
    "recall": 0.5315242304766545,
    "f1": 0.22957286596724963,
    "roc_auc": 0.540665693322023,
    "precision_recall_auc": 0.3686751398761774,
    "fbeta_0.5": 0.17121423961281165,
    "fbeta_2": 0.34828700626816267,
    "fbeta_3": 0.420824320627304,
    "fbeta_4": 0.46029847691874415
}{'activation': 'relu', 'alpha': 0.0001, 'batch_size': 200, 'beta_1': 0.9, 'beta_2': 0.999, 'early_stopping': False, 'epsilon': 1e-08, 'hidden_layer_sizes': (20,), 'learning_rate': 'constant', 'learning_rate_init': 0.001, 'max_fun': 15000, 'max_iter': 200, 'momentum': 0.9, 'n_iter_no_change': 10, 'nesterovs_momentum': True, 'power_t': 0.5, 'random_state': None, 'shuffle': True, 'solver': 'adam', 'tol': 0.0001, 'validation_fraction': 0.1, 'verbose': False, 'warm_start': False}