{
    "accuracy": 0.5083242362381604,
    "precision": 0.11048744716581217,
    "recall": 0.5969679557420424,
    "f1": 0.18646395291809714,
    "roc_auc": 0.5480266320298217,
    "fbeta_0.5": 0.13200156250184675,
    "fbeta_2": 0.31743353034887245,
    "fbeta_3": 0.4144736170682581,
    "fbeta_4": 0.47415955171929386
}{'bootstrap': True, 'ccp_alpha': 0.0, 'class_weight': None, 'criterion': 'gini', 'max_depth': None, 'max_features': 'sqrt', 'max_leaf_nodes': None, 'max_samples': None, 'min_impurity_decrease': 0.0, 'min_samples_leaf': 10, 'min_samples_split': 2, 'min_weight_fraction_leaf': 0.0, 'n_estimators': 100, 'n_jobs': None, 'oob_score': False, 'random_state': None, 'verbose': 0, 'warm_start': False}