{
    "accuracy": 0.5396232888159019,
    "precision": 0.2650642325290463,
    "recall": 0.5713627903770594,
    "f1": 0.3621304318953134,
    "roc_auc": 0.5507869229253335,
    "precision_recall_auc": 0.4672325071968106,
    "fbeta_0.5": 0.2968965407560597,
    "fbeta_2": 0.46410274901913534,
    "fbeta_3": 0.5121774344240658,
    "fbeta_4": 0.5349967476990521
}{'bootstrap': True, 'ccp_alpha': 0.0, 'class_weight': None, 'criterion': 'gini', 'max_depth': None, 'max_features': 'sqrt', 'max_leaf_nodes': None, 'max_samples': None, 'min_impurity_decrease': 0.0, 'min_samples_leaf': 5, 'min_samples_split': 2, 'min_weight_fraction_leaf': 0.0, 'n_estimators': 100, 'n_jobs': None, 'oob_score': False, 'random_state': None, 'verbose': 0, 'warm_start': False}