{
    "accuracy": 0.5010068292855201,
    "precision": 0.09378836896571885,
    "recall": 0.6196573286442029,
    "f1": 0.16291821610498977,
    "roc_auc": 0.5552878503695678,
    "fbeta_0.5": 0.11296114651793357,
    "fbeta_2": 0.2920990097207006,
    "fbeta_3": 0.3970387360020874,
    "fbeta_4": 0.4659701258757191
}{'bootstrap': True, 'ccp_alpha': 0.0, 'class_weight': None, 'criterion': 'gini', 'max_depth': None, 'max_features': 'sqrt', 'max_leaf_nodes': None, 'max_samples': None, 'min_impurity_decrease': 0.0, 'min_samples_leaf': 10, 'min_samples_split': 2, 'min_weight_fraction_leaf': 0.0, 'n_estimators': 100, 'n_jobs': None, 'oob_score': False, 'random_state': None, 'verbose': 0, 'warm_start': False}