{
    "accuracy": 0.5048928813101835,
    "precision": 0.11038361402402908,
    "recall": 0.6013977603762996,
    "f1": 0.18653047310270368,
    "roc_auc": 0.5481161905976685,
    "precision_recall_auc": 0.3747022817869355,
    "fbeta_0.5": 0.13192592801044972,
    "fbeta_2": 0.31825873823722634,
    "fbeta_3": 0.41624257031752543,
    "fbeta_4": 0.47667109952690195
}{'bootstrap': True, 'ccp_alpha': 0.0, 'class_weight': None, 'criterion': 'gini', 'max_depth': None, 'max_features': 'sqrt', 'max_leaf_nodes': None, 'max_samples': None, 'min_impurity_decrease': 0.0, 'min_samples_leaf': 10, 'min_samples_split': 2, 'min_weight_fraction_leaf': 0.0, 'n_estimators': 100, 'n_jobs': None, 'oob_score': False, 'random_state': None, 'verbose': 0, 'warm_start': False}