{
    "accuracy": 0.5140265540581873,
    "precision": 0.14203493262024824,
    "recall": 0.5617085382163863,
    "f1": 0.2267366950713864,
    "roc_auc": 0.5344041846035924,
    "fbeta_0.5": 0.16698745624555286,
    "fbeta_2": 0.3530661443140715,
    "fbeta_3": 0.43359369602962233,
    "fbeta_4": 0.4785356369843576
}{'C': 1.0, 'class_weight': None, 'dual': False, 'fit_intercept': True, 'intercept_scaling': 1, 'l1_ratio': None, 'max_iter': 100, 'multi_class': 'auto', 'n_jobs': None, 'penalty': 'l2', 'random_state': 0, 'solver': 'saga', 'tol': 0.0001, 'verbose': 0, 'warm_start': False}