{
    "accuracy": 0.8554759375563771,
    "precision": 0.07841018895354154,
    "recall": 0.07841018895354154,
    "f1": 0.07841018895354154,
    "fbeta_0.5": 0.07841018895354154,
    "fbeta_2": 0.07841018895354154,
    "fbeta_3": 0.07841018895354154,
    "fbeta_4": 0.07841018895354154,
    "roc_auc": 0.5
}