{
    "accuracy": 0.5348782944255145,
    "precision": 0.08129587777134425,
    "recall": 0.5546907713874779,
    "f1": 0.14180823830579473,
    "roc_auc": 0.5440471515630845,
    "fbeta_0.5": 0.0980280807377516,
    "fbeta_2": 0.256252933230835,
    "fbeta_3": 0.35055734792593857,
    "fbeta_4": 0.4131664280215857
}{'ccp_alpha': 0.0, 'class_weight': None, 'criterion': 'gini', 'max_depth': None, 'max_features': None, 'max_leaf_nodes': None, 'min_impurity_decrease': 0.0, 'min_samples_leaf': 1, 'min_samples_split': 2, 'min_weight_fraction_leaf': 0.0, 'random_state': 0, 'splitter': 'best'}