{
    "accuracy": 0.5221253336915413,
    "precision": 0.13123652258377852,
    "recall": 0.5381673916160795,
    "f1": 0.21101524967357826,
    "roc_auc": 0.529065576210106,
    "precision_recall_auc": 0.3621218947793089,
    "fbeta_0.5": 0.15461935449612407,
    "fbeta_2": 0.3321715801875195,
    "fbeta_3": 0.4107914701511233,
    "fbeta_4": 0.45514960173052416
}{'ccp_alpha': 0.0, 'class_weight': None, 'criterion': 'gini', 'max_depth': None, 'max_features': None, 'max_leaf_nodes': None, 'min_impurity_decrease': 0.0, 'min_samples_leaf': 1, 'min_samples_split': 2, 'min_weight_fraction_leaf': 0.0, 'random_state': 0, 'splitter': 'best'}