{
    "accuracy": 0.47041284099917324,
    "precision": 0.2508491713007257,
    "recall": 0.6622016957330944,
    "f1": 0.3638630718313071,
    "roc_auc": 0.5378701259345049,
    "fbeta_0.5": 0.28643526892574966,
    "fbeta_2": 0.49865786527492173,
    "fbeta_3": 0.568909616748064,
    "fbeta_4": 0.6039444963495184
}{'alpha': 0.2, 'class_prior': None, 'fit_prior': True, 'force_alpha': True, 'norm': False}