{
    "accuracy": 0.5299901429741731,
    "precision": 0.1469914315222412,
    "recall": 0.5632697097911311,
    "f1": 0.23314191403520865,
    "roc_auc": 0.5442126785770771,
    "fbeta_0.5": 0.17248624339574894,
    "fbeta_2": 0.3595955197123515,
    "fbeta_3": 0.4389574069001217,
    "fbeta_4": 0.4828353090180875
}{'bootstrap': True, 'ccp_alpha': 0.0, 'class_weight': None, 'criterion': 'gini', 'max_depth': None, 'max_features': 'sqrt', 'max_leaf_nodes': None, 'max_samples': None, 'min_impurity_decrease': 0.0, 'min_samples_leaf': 10, 'min_samples_split': 2, 'min_weight_fraction_leaf': 0.0, 'n_estimators': 100, 'n_jobs': None, 'oob_score': False, 'random_state': None, 'verbose': 0, 'warm_start': False}