{
    "accuracy": 0.4999303134130598,
    "precision": 0.1422915727287783,
    "recall": 0.5852305214014747,
    "f1": 0.22892327798965734,
    "roc_auc": 0.5363846714797686,
    "fbeta_0.5": 0.1676725863269949,
    "fbeta_2": 0.36067914607278667,
    "fbeta_3": 0.44630148516916224,
    "fbeta_4": 0.49465370784611484
}{'ccp_alpha': 0.0, 'class_weight': None, 'criterion': 'gini', 'max_depth': None, 'max_features': None, 'max_leaf_nodes': None, 'min_impurity_decrease': 0.0, 'min_samples_leaf': 1, 'min_samples_split': 2, 'min_weight_fraction_leaf': 0.0, 'random_state': 0, 'splitter': 'best'}