{
    "accuracy": 0.5276960347402228,
    "precision": 0.20686312753407332,
    "recall": 0.560654844858795,
    "f1": 0.3022178472591,
    "roc_auc": 0.5404982770599869,
    "precision_recall_auc": 0.42383385535075174,
    "fbeta_0.5": 0.23674146344103042,
    "fbeta_2": 0.41775880754925976,
    "fbeta_3": 0.47877193630418163,
    "fbeta_4": 0.5094064686916215
}{'bootstrap': True, 'ccp_alpha': 0.0, 'class_weight': None, 'criterion': 'gini', 'max_depth': None, 'max_features': 'sqrt', 'max_leaf_nodes': None, 'max_samples': None, 'min_impurity_decrease': 0.0, 'min_samples_leaf': 5, 'min_samples_split': 2, 'min_weight_fraction_leaf': 0.0, 'n_estimators': 100, 'n_jobs': None, 'oob_score': False, 'random_state': None, 'verbose': 0, 'warm_start': False}