{
    "accuracy": 0.5275411531953816,
    "precision": 0.15520657475145377,
    "recall": 0.6012580615859751,
    "f1": 0.24672456529436984,
    "roc_auc": 0.5589559078828819,
    "precision_recall_auc": 0.40388859218631246,
    "fbeta_0.5": 0.18224706912406868,
    "fbeta_2": 0.3818034470029071,
    "fbeta_3": 0.4670356807710489,
    "fbeta_4": 0.5143115378990091
}{'bootstrap': True, 'ccp_alpha': 0.0, 'class_weight': None, 'criterion': 'gini', 'max_depth': None, 'max_features': 'sqrt', 'max_leaf_nodes': None, 'max_samples': None, 'min_impurity_decrease': 0.0, 'min_samples_leaf': 10, 'min_samples_split': 2, 'min_weight_fraction_leaf': 0.0, 'n_estimators': 100, 'n_jobs': None, 'oob_score': False, 'random_state': None, 'verbose': 0, 'warm_start': False}