{
    "accuracy": 0.526871948029936,
    "precision": 0.1881000933395956,
    "recall": 0.5552844957702973,
    "f1": 0.28100949902522854,
    "roc_auc": 0.5382402445123018,
    "precision_recall_auc": 0.40871628950522354,
    "fbeta_0.5": 0.2167678373230655,
    "fbeta_2": 0.3993663456319502,
    "fbeta_3": 0.46459277097818663,
    "fbeta_4": 0.49809001427048727
}{'bootstrap': True, 'ccp_alpha': 0.0, 'class_weight': None, 'criterion': 'gini', 'max_depth': None, 'max_features': 'sqrt', 'max_leaf_nodes': None, 'max_samples': None, 'min_impurity_decrease': 0.0, 'min_samples_leaf': 5, 'min_samples_split': 2, 'min_weight_fraction_leaf': 0.0, 'n_estimators': 100, 'n_jobs': None, 'oob_score': False, 'random_state': None, 'verbose': 0, 'warm_start': False}