{
    "accuracy": 0.4781199883204019,
    "precision": 0.22907169075863773,
    "recall": 0.5418597918246364,
    "f1": 0.3220123745665952,
    "roc_auc": 0.5005389870295418,
    "precision_recall_auc": 0.43785870300942087,
    "fbeta_0.5": 0.25896969807184406,
    "fbeta_2": 0.42562504521152067,
    "fbeta_3": 0.47676013011260643,
    "fbeta_4": 0.5015728843830515
}{'alpha': 0.2, 'class_prior': None, 'fit_prior': True, 'force_alpha': True, 'norm': False}