{
    "accuracy": 0.6609672206360664,
    "precision_micro": 0.6609672206360664,
    "recall_micro": 0.6609672206360664,
    "f1_micro": 0.6609672206360664,
    "fbeta_micro_0.5": 0.6609672206360664,
    "fbeta_micro_2": 0.6609672206360664,
    "fbeta_micro_3": 0.6609672206360664,
    "fbeta_micro_4": 0.6609672206360664,
    "precision_macro": 0.4069076761565637,
    "recall_macro": 0.3438592685514586,
    "f1_macro": 0.30420594047349414,
    "fbeta_macro_0.5": 0.31348379468847914,
    "fbeta_macro_2": 0.3231249363823639,
    "fbeta_macro_3": 0.332747487594393,
    "fbeta_macro_4": 0.3371422592311135,
    "precision_weighted": 0.544429574866238,
    "recall_weighted": 0.6609672206360664,
    "f1_weighted": 0.5547910974659684,
    "fbeta_weighted_0.5": 0.5205723112091393,
    "fbeta_weighted_2": 0.6120063448003933,
    "fbeta_weighted_3": 0.6353260788434562,
    "fbeta_weighted_4": 0.6455915568759206
}{'bootstrap': True, 'ccp_alpha': 0.0, 'class_weight': None, 'criterion': 'gini', 'max_depth': None, 'max_features': 'sqrt', 'max_leaf_nodes': None, 'max_samples': None, 'min_impurity_decrease': 0.0, 'min_samples_leaf': 10, 'min_samples_split': 2, 'min_weight_fraction_leaf': 0.0, 'n_estimators': 100, 'n_jobs': None, 'oob_score': False, 'random_state': None, 'verbose': 0, 'warm_start': False}{'n_estimators': 100, 'min_samples_leaf': 10}