{
    "accuracy": 0.74772426409349,
    "precision_micro": 0.74772426409349,
    "recall_micro": 0.74772426409349,
    "f1_micro": 0.74772426409349,
    "fbeta_micro_0.5": 0.74772426409349,
    "fbeta_micro_2": 0.74772426409349,
    "fbeta_micro_3": 0.74772426409349,
    "fbeta_micro_4": 0.7477242640934901,
    "precision_macro": 0.371102853986786,
    "recall_macro": 0.33753301072117875,
    "f1_macro": 0.3109188589753324,
    "fbeta_macro_0.5": 0.3119821066237411,
    "fbeta_macro_2": 0.32452829973617076,
    "fbeta_macro_3": 0.3306958067280172,
    "fbeta_macro_4": 0.33343224247477793,
    "precision_weighted": 0.6289127488336045,
    "recall_weighted": 0.74772426409349,
    "f1_weighted": 0.6662611316869553,
    "fbeta_weighted_0.5": 0.6309244468967139,
    "fbeta_weighted_2": 0.7121460725818827,
    "fbeta_weighted_3": 0.7294214440846133,
    "fbeta_weighted_4": 0.7368308568835334
}{'C': 1.0, 'class_weight': None, 'dual': False, 'fit_intercept': True, 'intercept_scaling': 1, 'l1_ratio': None, 'max_iter': 100, 'multi_class': 'multinomial', 'n_jobs': None, 'penalty': 'l2', 'random_state': 0, 'solver': 'saga', 'tol': 0.0001, 'verbose': 0, 'warm_start': False}