{
    "accuracy": 0.46249674894870496,
    "precision_micro": 0.46249674894870496,
    "recall_micro": 0.46249674894870496,
    "f1_micro": 0.46249674894870496,
    "fbeta_micro_0.5": 0.46249674894870496,
    "fbeta_micro_2": 0.46249674894870496,
    "fbeta_micro_3": 0.462496748948705,
    "fbeta_micro_4": 0.46249674894870496,
    "precision_macro": 0.35486976853885327,
    "recall_macro": 0.3702802839149846,
    "f1_macro": 0.33309986807151365,
    "fbeta_macro_0.5": 0.34049313219474575,
    "fbeta_macro_2": 0.3453565083180059,
    "fbeta_macro_3": 0.35557174600927216,
    "fbeta_macro_4": 0.3610077826290654,
    "precision_weighted": 0.6340982780861794,
    "recall_weighted": 0.46249674894870496,
    "f1_weighted": 0.5186111664670331,
    "fbeta_weighted_0.5": 0.5795537085816623,
    "fbeta_weighted_2": 0.4780498604491857,
    "fbeta_weighted_3": 0.4689834143210749,
    "fbeta_weighted_4": 0.4659763659836638
}{'ccp_alpha': 0.0, 'class_weight': None, 'criterion': 'gini', 'max_depth': None, 'max_features': None, 'max_leaf_nodes': None, 'min_impurity_decrease': 0.0, 'min_samples_leaf': 1, 'min_samples_split': 2, 'min_weight_fraction_leaf': 0.0, 'random_state': 0, 'splitter': 'best'}