{
    "accuracy": 0.460781362782257,
    "precision_micro": 0.460781362782257,
    "recall_micro": 0.460781362782257,
    "f1_micro": 0.460781362782257,
    "fbeta_micro_0.5": 0.460781362782257,
    "fbeta_micro_2": 0.460781362782257,
    "fbeta_micro_3": 0.4607813627822571,
    "fbeta_micro_4": 0.460781362782257,
    "precision_macro": 0.2979114237454909,
    "recall_macro": 0.28846247923576834,
    "f1_macro": 0.2826656734911192,
    "fbeta_macro_0.5": 0.28499726500187766,
    "fbeta_macro_2": 0.2851911010013795,
    "fbeta_macro_3": 0.2866806363154281,
    "fbeta_macro_4": 0.2873791729315922,
    "precision_weighted": 0.4547892773830909,
    "recall_weighted": 0.460781362782257,
    "f1_weighted": 0.4525990994106995,
    "fbeta_weighted_0.5": 0.4517954037259052,
    "fbeta_weighted_2": 0.45651518081360365,
    "fbeta_weighted_3": 0.4584748801993895,
    "fbeta_weighted_4": 0.4593816248270368
}{'bootstrap': True, 'ccp_alpha': 0.0, 'class_weight': None, 'criterion': 'gini', 'max_depth': None, 'max_features': 'sqrt', 'max_leaf_nodes': None, 'max_samples': None, 'min_impurity_decrease': 0.0, 'min_samples_leaf': 10, 'min_samples_split': 2, 'min_weight_fraction_leaf': 0.0, 'n_estimators': 100, 'n_jobs': None, 'oob_score': False, 'random_state': None, 'verbose': 0, 'warm_start': False}{'n_estimators': 100, 'min_samples_leaf': 10}