{
    "accuracy": 0.4412136868528947,
    "precision_micro": 0.4412136868528947,
    "recall_micro": 0.4412136868528947,
    "f1_micro": 0.4412136868528947,
    "fbeta_micro_0.5": 0.4412136868528947,
    "fbeta_micro_2": 0.4412136868528947,
    "fbeta_micro_3": 0.4412136868528947,
    "fbeta_micro_4": 0.4412136868528947,
    "precision_macro": 0.28365384338287586,
    "recall_macro": 0.28134522767292575,
    "f1_macro": 0.2690556208083358,
    "fbeta_macro_0.5": 0.26479485458212393,
    "fbeta_macro_2": 0.27554873270498187,
    "fbeta_macro_3": 0.2782815288714594,
    "fbeta_macro_4": 0.27950100034183706,
    "precision_weighted": 0.44456261541218944,
    "recall_weighted": 0.4412136868528947,
    "f1_weighted": 0.4376335443196497,
    "fbeta_weighted_0.5": 0.4383795562757326,
    "fbeta_weighted_2": 0.4390041336923028,
    "fbeta_weighted_3": 0.439970719773758,
    "fbeta_weighted_4": 0.44044817566355243
}{'activation': 'relu', 'alpha': 0.0001, 'batch_size': 100, 'beta_1': 0.9, 'beta_2': 0.999, 'early_stopping': False, 'epsilon': 1e-08, 'hidden_layer_sizes': (30,), 'learning_rate': 'constant', 'learning_rate_init': 0.001, 'max_fun': 15000, 'max_iter': 200, 'momentum': 0.9, 'n_iter_no_change': 10, 'nesterovs_momentum': True, 'power_t': 0.5, 'random_state': None, 'shuffle': True, 'solver': 'adam', 'tol': 0.0001, 'validation_fraction': 0.1, 'verbose': False, 'warm_start': False}{'hidden_layer_sizes': (30,), 'batch_size': 100}