{
    "accuracy": 0.4826202913466917,
    "precision_micro": 0.4826202913466917,
    "recall_micro": 0.4826202913466917,
    "f1_micro": 0.4826202913466917,
    "fbeta_micro_0.5": 0.4826202913466917,
    "fbeta_micro_2": 0.4826202913466917,
    "fbeta_micro_3": 0.4826202913466917,
    "fbeta_micro_4": 0.4826202913466917,
    "precision_macro": 0.28535118971994083,
    "recall_macro": 0.27203842618086593,
    "f1_macro": 0.24824706189482987,
    "fbeta_macro_0.5": 0.25338072512444365,
    "fbeta_macro_2": 0.25708423303280664,
    "fbeta_macro_3": 0.263435827134729,
    "fbeta_macro_4": 0.26667717553448334,
    "precision_weighted": 0.5383179075499163,
    "recall_weighted": 0.4826202913466917,
    "f1_weighted": 0.4859846024712601,
    "fbeta_weighted_0.5": 0.5103946093014173,
    "fbeta_weighted_2": 0.4773394865718636,
    "fbeta_weighted_3": 0.47864112157297545,
    "fbeta_weighted_4": 0.4799255870487464
}{'activation': 'relu', 'alpha': 0.0001, 'batch_size': 200, 'beta_1': 0.9, 'beta_2': 0.999, 'early_stopping': False, 'epsilon': 1e-08, 'hidden_layer_sizes': (20,), 'learning_rate': 'constant', 'learning_rate_init': 0.001, 'max_fun': 15000, 'max_iter': 200, 'momentum': 0.9, 'n_iter_no_change': 10, 'nesterovs_momentum': True, 'power_t': 0.5, 'random_state': None, 'shuffle': True, 'solver': 'adam', 'tol': 0.0001, 'validation_fraction': 0.1, 'verbose': False, 'warm_start': False}{'hidden_layer_sizes': (20,), 'batch_size': 200}