{
    "accuracy": 0.47417423297106637,
    "precision_micro": 0.47417423297106637,
    "recall_micro": 0.47417423297106637,
    "f1_micro": 0.47417423297106637,
    "fbeta_micro_0.5": 0.4741742329710664,
    "fbeta_micro_2": 0.4741742329710664,
    "fbeta_micro_3": 0.4741742329710664,
    "fbeta_micro_4": 0.47417423297106637,
    "precision_macro": 0.3606483129945033,
    "recall_macro": 0.3669429952348169,
    "f1_macro": 0.35879315847900534,
    "fbeta_macro_0.5": 0.3588279990419676,
    "fbeta_macro_2": 0.36231437385508153,
    "fbeta_macro_3": 0.36437960059101177,
    "fbeta_macro_4": 0.3653726068685706,
    "precision_weighted": 0.5287638431062398,
    "recall_weighted": 0.47417423297106637,
    "f1_weighted": 0.49646199746040254,
    "fbeta_weighted_0.5": 0.5146076818480894,
    "fbeta_weighted_2": 0.48188978146677963,
    "fbeta_weighted_3": 0.4778278450751343,
    "fbeta_weighted_4": 0.47627338032937167
}{'ccp_alpha': 0.0, 'class_weight': None, 'criterion': 'gini', 'max_depth': None, 'max_features': None, 'max_leaf_nodes': None, 'min_impurity_decrease': 0.0, 'min_samples_leaf': 1, 'min_samples_split': 2, 'min_weight_fraction_leaf': 0.0, 'random_state': 0, 'splitter': 'best'}