{
    "accuracy": 0.4405035695812646,
    "precision_micro": 0.4405035695812646,
    "recall_micro": 0.4405035695812646,
    "f1_micro": 0.4405035695812646,
    "fbeta_micro_0.5": 0.4405035695812646,
    "fbeta_micro_2": 0.4405035695812646,
    "fbeta_micro_3": 0.4405035695812646,
    "fbeta_micro_4": 0.4405035695812646,
    "precision_macro": 0.35087998821793415,
    "recall_macro": 0.3833570136330417,
    "f1_macro": 0.3021844417495995,
    "fbeta_macro_0.5": 0.32059002346760285,
    "fbeta_macro_2": 0.32105218645042205,
    "fbeta_macro_3": 0.3429235677417357,
    "fbeta_macro_4": 0.35645905503862313,
    "precision_weighted": 0.7217499204503596,
    "recall_weighted": 0.4405035695812646,
    "f1_weighted": 0.5223010592783431,
    "fbeta_weighted_0.5": 0.6226530468539353,
    "fbeta_weighted_2": 0.4606749070390811,
    "fbeta_weighted_3": 0.44795705831481847,
    "fbeta_weighted_4": 0.44412614860160504
}{'ccp_alpha': 0.0, 'class_weight': None, 'criterion': 'gini', 'max_depth': None, 'max_features': None, 'max_leaf_nodes': None, 'min_impurity_decrease': 0.0, 'min_samples_leaf': 1, 'min_samples_split': 2, 'min_weight_fraction_leaf': 0.0, 'random_state': 0, 'splitter': 'best'}