{
    "accuracy": 0.29220595154253254,
    "precision_micro": 0.29220595154253254,
    "recall_micro": 0.29220595154253254,
    "f1_micro": 0.29220595154253254,
    "fbeta_micro_0.5": 0.29220595154253254,
    "fbeta_micro_2": 0.29220595154253254,
    "fbeta_micro_3": 0.2922059515425326,
    "fbeta_micro_4": 0.29220595154253254,
    "precision_macro": 0.27675231975705783,
    "recall_macro": 0.26992503052544214,
    "f1_macro": 0.2233980062762006,
    "fbeta_macro_0.5": 0.23688577167179412,
    "fbeta_macro_2": 0.23753739132841784,
    "fbeta_macro_3": 0.25014980711966317,
    "fbeta_macro_4": 0.25720395261044804,
    "precision_weighted": 0.4089428323588809,
    "recall_weighted": 0.29220595154253254,
    "f1_weighted": 0.29784424029393197,
    "fbeta_weighted_0.5": 0.3431357510750153,
    "fbeta_weighted_2": 0.2845887136536656,
    "fbeta_weighted_3": 0.28631166953111503,
    "fbeta_weighted_4": 0.2881437895530887
}{'alpha': 1e-05, 'class_prior': None, 'fit_prior': True, 'force_alpha': True}{'force_alpha': True, 'fit_prior': True, 'alpha': 1e-05}