{
    "accuracy": 0.3948661151325114,
    "precision_micro": 0.3948661151325114,
    "recall_micro": 0.3948661151325114,
    "f1_micro": 0.3948661151325114,
    "fbeta_micro_0.5": 0.3948661151325114,
    "fbeta_micro_2": 0.3948661151325114,
    "fbeta_micro_3": 0.3948661151325114,
    "fbeta_micro_4": 0.3948661151325114,
    "precision_macro": 0.30993297377864665,
    "recall_macro": 0.29291366275131525,
    "f1_macro": 0.27584818828825525,
    "fbeta_macro_0.5": 0.27966284238041783,
    "fbeta_macro_2": 0.28285520859972596,
    "fbeta_macro_3": 0.28726579683112224,
    "fbeta_macro_4": 0.2894300192319174,
    "precision_weighted": 0.43256803997452614,
    "recall_weighted": 0.3948661151325114,
    "f1_weighted": 0.4003368882715448,
    "fbeta_weighted_0.5": 0.41333126469028425,
    "fbeta_weighted_2": 0.3946858319330515,
    "fbeta_weighted_3": 0.3943461224944519,
    "fbeta_weighted_4": 0.39445106296605864
}{'bootstrap': True, 'ccp_alpha': 0.0, 'class_weight': None, 'criterion': 'gini', 'max_depth': None, 'max_features': 'sqrt', 'max_leaf_nodes': None, 'max_samples': None, 'min_impurity_decrease': 0.0, 'min_samples_leaf': 10, 'min_samples_split': 2, 'min_weight_fraction_leaf': 0.0, 'n_estimators': 100, 'n_jobs': None, 'oob_score': False, 'random_state': None, 'verbose': 0, 'warm_start': False}{'n_estimators': 100, 'min_samples_leaf': 10}