{
    "accuracy": 0.6216799095257994,
    "precision_micro": 0.6216799095257994,
    "recall_micro": 0.6216799095257994,
    "f1_micro": 0.6216799095257994,
    "fbeta_micro_0.5": 0.6216799095257994,
    "fbeta_micro_2": 0.6216799095257994,
    "fbeta_micro_3": 0.6216799095257995,
    "fbeta_micro_4": 0.6216799095257994,
    "precision_macro": 0.35176802114959277,
    "recall_macro": 0.3397092884429102,
    "f1_macro": 0.319168761860467,
    "fbeta_macro_0.5": 0.3266569966613015,
    "fbeta_macro_2": 0.3280025968392149,
    "fbeta_macro_3": 0.3333359787568517,
    "fbeta_macro_4": 0.3358367643138922,
    "precision_weighted": 0.5158671579345572,
    "recall_weighted": 0.6216799095257994,
    "f1_weighted": 0.5479099289213238,
    "fbeta_weighted_0.5": 0.5212681961610337,
    "fbeta_weighted_2": 0.5881230147326127,
    "fbeta_weighted_3": 0.6042078804313631,
    "fbeta_weighted_4": 0.6112306514933774
}{'alpha': 1000, 'class_prior': None, 'fit_prior': True, 'force_alpha': True}{'force_alpha': True, 'fit_prior': True, 'alpha': 1000}