{
    "accuracy": 0.6460927477447201,
    "precision_micro": 0.6460927477447201,
    "recall_micro": 0.6460927477447201,
    "f1_micro": 0.6460927477447201,
    "fbeta_micro_0.5": 0.6460927477447201,
    "fbeta_micro_2": 0.6460927477447201,
    "fbeta_micro_3": 0.6460927477447203,
    "fbeta_micro_4": 0.6460927477447201,
    "precision_macro": 0.343975717734784,
    "recall_macro": 0.34522034059095824,
    "f1_macro": 0.3401831068428102,
    "fbeta_macro_0.5": 0.3408483290833508,
    "fbeta_macro_2": 0.34250598172828567,
    "fbeta_macro_3": 0.34376118874528866,
    "fbeta_macro_4": 0.344338214566075,
    "precision_weighted": 0.6203651980989857,
    "recall_weighted": 0.6460927477447201,
    "f1_weighted": 0.631173818697902,
    "fbeta_weighted_0.5": 0.6239764603813657,
    "fbeta_weighted_2": 0.6397748361964907,
    "fbeta_weighted_3": 0.6428811787174425,
    "fbeta_weighted_4": 0.6441912009459146
}{'alpha': 1000, 'class_prior': None, 'fit_prior': True, 'force_alpha': True}{'force_alpha': True, 'fit_prior': True, 'alpha': 1000}