{
    "accuracy": 0.35483069693772884,
    "precision_micro": 0.35483069693772884,
    "recall_micro": 0.35483069693772884,
    "f1_micro": 0.35483069693772884,
    "fbeta_micro_0.5": 0.35483069693772884,
    "fbeta_micro_2": 0.35483069693772884,
    "fbeta_micro_3": 0.3548306969377289,
    "fbeta_micro_4": 0.35483069693772884,
    "precision_macro": 0.27665751038947894,
    "recall_macro": 0.29012025554796633,
    "f1_macro": 0.2653125680304665,
    "fbeta_macro_0.5": 0.2694095129676247,
    "fbeta_macro_2": 0.2727760648804976,
    "fbeta_macro_3": 0.2796018442609261,
    "fbeta_macro_4": 0.28339840982489295,
    "precision_weighted": 0.4389702522663079,
    "recall_weighted": 0.35483069693772884,
    "f1_weighted": 0.38545310989692183,
    "fbeta_weighted_0.5": 0.4146975134942639,
    "fbeta_weighted_2": 0.36399350144330994,
    "fbeta_weighted_3": 0.3587726184548681,
    "fbeta_weighted_4": 0.35697484754902864
}{'ccp_alpha': 0.0, 'class_weight': None, 'criterion': 'gini', 'max_depth': None, 'max_features': None, 'max_leaf_nodes': None, 'min_impurity_decrease': 0.0, 'min_samples_leaf': 1, 'min_samples_split': 2, 'min_weight_fraction_leaf': 0.0, 'random_state': 0, 'splitter': 'best'}