{
    "accuracy": 0.7766175959577996,
    "precision_micro": 0.7766175959577996,
    "recall_micro": 0.7766175959577996,
    "f1_micro": 0.7766175959577996,
    "fbeta_micro_0.5": 0.7766175959577996,
    "fbeta_micro_2": 0.7766175959577996,
    "fbeta_micro_3": 0.7766175959577996,
    "fbeta_micro_4": 0.7766175959577996,
    "precision_macro": 0.3629098762314584,
    "recall_macro": 0.34549287324809663,
    "f1_macro": 0.34305132363220525,
    "fbeta_macro_0.5": 0.3489581600818789,
    "fbeta_macro_2": 0.3434614749807632,
    "fbeta_macro_3": 0.34434129037450306,
    "fbeta_macro_4": 0.3447848482097475,
    "precision_weighted": 0.7189853666741112,
    "recall_weighted": 0.7766175959577996,
    "f1_weighted": 0.7439447734870599,
    "fbeta_weighted_0.5": 0.7273684771574095,
    "fbeta_weighted_2": 0.7629393573131075,
    "fbeta_weighted_3": 0.7696832136544316,
    "fbeta_weighted_4": 0.7725157619497597
}{'activation': 'relu', 'alpha': 0.0001, 'batch_size': 200, 'beta_1': 0.9, 'beta_2': 0.999, 'early_stopping': False, 'epsilon': 1e-08, 'hidden_layer_sizes': (20,), 'learning_rate': 'constant', 'learning_rate_init': 0.001, 'max_fun': 15000, 'max_iter': 200, 'momentum': 0.9, 'n_iter_no_change': 10, 'nesterovs_momentum': True, 'power_t': 0.5, 'random_state': None, 'shuffle': True, 'solver': 'adam', 'tol': 0.0001, 'validation_fraction': 0.1, 'verbose': False, 'warm_start': False}{'hidden_layer_sizes': (20,), 'batch_size': 200}