{
    "accuracy": 0.4514404312117709,
    "precision_micro": 0.4514404312117709,
    "recall_micro": 0.4514404312117709,
    "f1_micro": 0.45144043121177085,
    "fbeta_micro_0.5": 0.4514404312117709,
    "fbeta_micro_2": 0.4514404312117709,
    "fbeta_micro_3": 0.4514404312117709,
    "fbeta_micro_4": 0.4514404312117709,
    "precision_macro": 0.2869339811995465,
    "recall_macro": 0.2779213309431934,
    "f1_macro": 0.25183065575901936,
    "fbeta_macro_0.5": 0.26056147907187593,
    "fbeta_macro_2": 0.2598934423026682,
    "fbeta_macro_3": 0.2672243782988583,
    "fbeta_macro_4": 0.27116459727435105,
    "precision_weighted": 0.5201176049481715,
    "recall_weighted": 0.4514404312117709,
    "f1_weighted": 0.4597901290799798,
    "fbeta_weighted_0.5": 0.4891031421413712,
    "fbeta_weighted_2": 0.4472201697824707,
    "fbeta_weighted_3": 0.44770902655362604,
    "fbeta_weighted_4": 0.44880372054270035
}{'activation': 'relu', 'alpha': 0.0001, 'batch_size': 200, 'beta_1': 0.9, 'beta_2': 0.999, 'early_stopping': False, 'epsilon': 1e-08, 'hidden_layer_sizes': (20,), 'learning_rate': 'constant', 'learning_rate_init': 0.001, 'max_fun': 15000, 'max_iter': 200, 'momentum': 0.9, 'n_iter_no_change': 10, 'nesterovs_momentum': True, 'power_t': 0.5, 'random_state': None, 'shuffle': True, 'solver': 'adam', 'tol': 0.0001, 'validation_fraction': 0.1, 'verbose': False, 'warm_start': False}{'hidden_layer_sizes': (20,), 'batch_size': 200}