{
    "accuracy": 0.46772180936711893,
    "precision_micro": 0.46772180936711893,
    "recall_micro": 0.46772180936711893,
    "f1_micro": 0.46772180936711893,
    "fbeta_micro_0.5": 0.467721809367119,
    "fbeta_micro_2": 0.467721809367119,
    "fbeta_micro_3": 0.467721809367119,
    "fbeta_micro_4": 0.46772180936711893,
    "precision_macro": 0.36555262354198886,
    "recall_macro": 0.39012354226189344,
    "f1_macro": 0.3163316038318327,
    "fbeta_macro_0.5": 0.33552667773517214,
    "fbeta_macro_2": 0.3331330520999836,
    "fbeta_macro_3": 0.3535441261341868,
    "fbeta_macro_4": 0.36602079141968097,
    "precision_weighted": 0.7319255274437084,
    "recall_weighted": 0.46772180936711893,
    "f1_weighted": 0.5365898842873178,
    "fbeta_weighted_0.5": 0.6349030723746619,
    "fbeta_weighted_2": 0.47899049758174256,
    "fbeta_weighted_3": 0.46947224779853314,
    "fbeta_weighted_4": 0.4675809787336697
}{'bootstrap': True, 'ccp_alpha': 0.0, 'class_weight': None, 'criterion': 'gini', 'max_depth': None, 'max_features': 'sqrt', 'max_leaf_nodes': None, 'max_samples': None, 'min_impurity_decrease': 0.0, 'min_samples_leaf': 10, 'min_samples_split': 2, 'min_weight_fraction_leaf': 0.0, 'n_estimators': 100, 'n_jobs': None, 'oob_score': False, 'random_state': None, 'verbose': 0, 'warm_start': False}{'n_estimators': 100, 'min_samples_leaf': 10}