{
    "accuracy": 0.17006869646982256,
    "precision_micro": 0.17006869646982256,
    "recall_micro": 0.17006869646982256,
    "f1_micro": 0.17006869646982256,
    "fbeta_micro_0.5": 0.1700686964698226,
    "fbeta_micro_2": 0.1700686964698226,
    "fbeta_micro_3": 0.1700686964698226,
    "fbeta_micro_4": 0.17006869646982256,
    "precision_macro": 0.15826168824732142,
    "recall_macro": 0.17393965616372772,
    "f1_macro": 0.1004691398812472,
    "fbeta_macro_0.5": 0.11009101923859747,
    "fbeta_macro_2": 0.11922640471684529,
    "fbeta_macro_3": 0.13608982557909596,
    "fbeta_macro_4": 0.1471665337532566,
    "precision_weighted": 0.6008908485853685,
    "recall_weighted": 0.17006869646982256,
    "f1_weighted": 0.20971180213597135,
    "fbeta_weighted_0.5": 0.3252573197033448,
    "fbeta_weighted_2": 0.1725069361064899,
    "fbeta_weighted_3": 0.1685938009863779,
    "fbeta_weighted_4": 0.1683138353605735
}{'C': 1.0, 'class_weight': None, 'dual': False, 'fit_intercept': True, 'intercept_scaling': 1, 'l1_ratio': None, 'max_iter': 100, 'multi_class': 'multinomial', 'n_jobs': None, 'penalty': 'l2', 'random_state': 0, 'solver': 'saga', 'tol': 0.0001, 'verbose': 0, 'warm_start': False}