{
    "accuracy": 0.740497432765337,
    "precision_micro": 0.740497432765337,
    "recall_micro": 0.740497432765337,
    "f1_micro": 0.740497432765337,
    "fbeta_micro_0.5": 0.740497432765337,
    "fbeta_micro_2": 0.740497432765337,
    "fbeta_micro_3": 0.740497432765337,
    "fbeta_micro_4": 0.7404974327653371,
    "precision_macro": 0.3724673541794357,
    "recall_macro": 0.34128679403823586,
    "f1_macro": 0.32208606987183935,
    "fbeta_macro_0.5": 0.330064072061321,
    "fbeta_macro_2": 0.3309383016528487,
    "fbeta_macro_3": 0.33575252727120425,
    "fbeta_macro_4": 0.3379480833498232,
    "precision_weighted": 0.6301434098859672,
    "recall_weighted": 0.740497432765337,
    "f1_weighted": 0.6669268394990867,
    "fbeta_weighted_0.5": 0.6360616059569127,
    "fbeta_weighted_2": 0.7082824458592897,
    "fbeta_weighted_3": 0.7239258347111238,
    "fbeta_weighted_4": 0.7306356506279175
}{'activation': 'relu', 'alpha': 0.0001, 'batch_size': 200, 'beta_1': 0.9, 'beta_2': 0.999, 'early_stopping': False, 'epsilon': 1e-08, 'hidden_layer_sizes': (20,), 'learning_rate': 'constant', 'learning_rate_init': 0.001, 'max_fun': 15000, 'max_iter': 200, 'momentum': 0.9, 'n_iter_no_change': 10, 'nesterovs_momentum': True, 'power_t': 0.5, 'random_state': None, 'shuffle': True, 'solver': 'adam', 'tol': 0.0001, 'validation_fraction': 0.1, 'verbose': False, 'warm_start': False}{'hidden_layer_sizes': (20,), 'batch_size': 200}