{
    "accuracy": 0.4323072062237375,
    "precision_micro": 0.4323072062237375,
    "recall_micro": 0.4323072062237375,
    "f1_micro": 0.4323072062237375,
    "fbeta_micro_0.5": 0.4323072062237375,
    "fbeta_micro_2": 0.4323072062237375,
    "fbeta_micro_3": 0.4323072062237375,
    "fbeta_micro_4": 0.4323072062237375,
    "precision_macro": 0.3569468777052111,
    "recall_macro": 0.37811127925078564,
    "f1_macro": 0.2789232413868377,
    "fbeta_macro_0.5": 0.31145637483785665,
    "fbeta_macro_2": 0.29140415119536267,
    "fbeta_macro_3": 0.31764142166069836,
    "fbeta_macro_4": 0.3362724266926868,
    "precision_weighted": 0.7869088606900634,
    "recall_weighted": 0.4323072062237375,
    "f1_weighted": 0.5209295371219248,
    "fbeta_weighted_0.5": 0.6502734488818878,
    "fbeta_weighted_2": 0.44629165037439333,
    "fbeta_weighted_3": 0.43339401866016974,
    "fbeta_weighted_4": 0.43093460377598425
}{'activation': 'relu', 'alpha': 0.0001, 'batch_size': 200, 'beta_1': 0.9, 'beta_2': 0.999, 'early_stopping': False, 'epsilon': 1e-08, 'hidden_layer_sizes': (20,), 'learning_rate': 'constant', 'learning_rate_init': 0.001, 'max_fun': 15000, 'max_iter': 200, 'momentum': 0.9, 'n_iter_no_change': 10, 'nesterovs_momentum': True, 'power_t': 0.5, 'random_state': None, 'shuffle': True, 'solver': 'adam', 'tol': 0.0001, 'validation_fraction': 0.1, 'verbose': False, 'warm_start': False}{'hidden_layer_sizes': (20,), 'batch_size': 200}