{
    "accuracy": 0.1337387528236659,
    "precision_micro": 0.1337387528236659,
    "recall_micro": 0.1337387528236659,
    "f1_micro": 0.1337387528236659,
    "fbeta_micro_0.5": 0.1337387528236659,
    "fbeta_micro_2": 0.1337387528236659,
    "fbeta_micro_3": 0.1337387528236659,
    "fbeta_micro_4": 0.1337387528236659,
    "precision_macro": 0.16286012819905074,
    "recall_macro": 0.16586845267206668,
    "f1_macro": 0.09190449535046567,
    "fbeta_macro_0.5": 0.09034989782561063,
    "fbeta_macro_2": 0.1118841718797403,
    "fbeta_macro_3": 0.12657504220337418,
    "fbeta_macro_4": 0.13669815976635208,
    "precision_weighted": 0.4997103379994077,
    "recall_weighted": 0.1337387528236659,
    "f1_weighted": 0.11876721384698229,
    "fbeta_weighted_0.5": 0.1597329498441584,
    "fbeta_weighted_2": 0.11935863902511298,
    "fbeta_weighted_3": 0.12405539131151747,
    "fbeta_weighted_4": 0.12699122548397804
}{'alpha': 1e-05, 'class_prior': None, 'fit_prior': True, 'force_alpha': True}{'force_alpha': True, 'fit_prior': True, 'alpha': 1e-05}