{
    "accuracy": 0.7570025560157183,
    "precision_micro": 0.7570025560157183,
    "recall_micro": 0.7570025560157183,
    "f1_micro": 0.7570025560157184,
    "fbeta_micro_0.5": 0.7570025560157183,
    "fbeta_micro_2": 0.7570025560157183,
    "fbeta_micro_3": 0.7570025560157182,
    "fbeta_micro_4": 0.7570025560157183,
    "precision_macro": 0.39307024701284815,
    "recall_macro": 0.3357648797774137,
    "f1_macro": 0.2967926759549709,
    "fbeta_macro_0.5": 0.2877223899996062,
    "fbeta_macro_2": 0.3180282764899171,
    "fbeta_macro_3": 0.3265558268318348,
    "fbeta_macro_4": 0.3302646060962336,
    "precision_weighted": 0.6294693159701794,
    "recall_weighted": 0.7570025560157183,
    "f1_weighted": 0.6592388193594514,
    "fbeta_weighted_0.5": 0.6155208322713105,
    "fbeta_weighted_2": 0.7142536962344088,
    "fbeta_weighted_3": 0.7349706850914357,
    "fbeta_weighted_4": 0.7438777052885043
}{'activation': 'relu', 'alpha': 0.0001, 'batch_size': 200, 'beta_1': 0.9, 'beta_2': 0.999, 'early_stopping': False, 'epsilon': 1e-08, 'hidden_layer_sizes': (20,), 'learning_rate': 'constant', 'learning_rate_init': 0.001, 'max_fun': 15000, 'max_iter': 200, 'momentum': 0.9, 'n_iter_no_change': 10, 'nesterovs_momentum': True, 'power_t': 0.5, 'random_state': None, 'shuffle': True, 'solver': 'adam', 'tol': 0.0001, 'validation_fraction': 0.1, 'verbose': False, 'warm_start': False}{'hidden_layer_sizes': (20,), 'batch_size': 200}