{
    "precision_macro": 0.25,
    "recall_macro": 0.25,
    "f1_macro": 0.25,
    "fbeta_0.5_macro": 0.24999999999999997,
    "fbeta_2_macro": 0.24999999999999997,
    "fbeta_3_macro": 0.24999999999999997,
    "fbeta_4_macro": 0.25,
    "precision_weighted": 0.40724352501475725,
    "recall_weighted": 0.40724352501475725,
    "f1_weighted": 0.40724352501475725,
    "fbeta_0.5_weighted": 0.40724352501475725,
    "fbeta_2_weighted": 0.40724352501475725,
    "fbeta_3_weighted": 0.40724352501475725,
    "fbeta_4_weighted": 0.40724352501475725,
    "precision_micro": 0.4072435250147573,
    "recall_micro": 0.4072435250147573,
    "f1_micro": 0.40724352501475736,
    "fbeta_{}_micro": 0.40724352501475736
}