{
    "accuracy": 0.37631831956446143,
    "precision_micro": 0.37631831956446143,
    "recall_micro": 0.37631831956446143,
    "f1_micro": 0.3763183195644615,
    "fbeta_micro_0.5": 0.37631831956446143,
    "fbeta_micro_2": 0.37631831956446143,
    "fbeta_micro_3": 0.37631831956446143,
    "fbeta_micro_4": 0.37631831956446143,
    "precision_macro": 0.36307600013164226,
    "recall_macro": 0.37658584464909595,
    "f1_macro": 0.26886430767517067,
    "fbeta_macro_0.5": 0.30430318211897023,
    "fbeta_macro_2": 0.2873569091311288,
    "fbeta_macro_3": 0.3165150701149791,
    "fbeta_macro_4": 0.33587848066077086,
    "precision_weighted": 0.7325895894310928,
    "recall_weighted": 0.37631831956446143,
    "f1_weighted": 0.4369589255762883,
    "fbeta_weighted_0.5": 0.5696929026286967,
    "fbeta_weighted_2": 0.374290230796559,
    "fbeta_weighted_3": 0.3682890847714287,
    "fbeta_weighted_4": 0.36929010065884876
}{'activation': 'relu', 'alpha': 0.0001, 'batch_size': 200, 'beta_1': 0.9, 'beta_2': 0.999, 'early_stopping': False, 'epsilon': 1e-08, 'hidden_layer_sizes': (20,), 'learning_rate': 'constant', 'learning_rate_init': 0.001, 'max_fun': 15000, 'max_iter': 200, 'momentum': 0.9, 'n_iter_no_change': 10, 'nesterovs_momentum': True, 'power_t': 0.5, 'random_state': None, 'shuffle': True, 'solver': 'adam', 'tol': 0.0001, 'validation_fraction': 0.1, 'verbose': False, 'warm_start': False}{'hidden_layer_sizes': (20,), 'batch_size': 200}