{
    "accuracy": 0.4953053358153344,
    "precision": 0.19878287281348672,
    "recall": 0.5828888141349096,
    "f1": 0.2964628627062787,
    "roc_auc": 0.5293255236989736,
    "precision_recall_auc": 0.4288826410790866,
    "fbeta_0.5": 0.22895816108617326,
    "fbeta_2": 0.4204158405774998,
    "fbeta_3": 0.4884970673797854,
    "fbeta_4": 0.5233973496597811
}{'bootstrap': True, 'ccp_alpha': 0.0, 'class_weight': None, 'criterion': 'gini', 'max_depth': None, 'max_features': 'sqrt', 'max_leaf_nodes': None, 'max_samples': None, 'min_impurity_decrease': 0.0, 'min_samples_leaf': 5, 'min_samples_split': 2, 'min_weight_fraction_leaf': 0.0, 'n_estimators': 100, 'n_jobs': None, 'oob_score': False, 'random_state': None, 'verbose': 0, 'warm_start': False}