{
    "accuracy": 0.4363159232839563,
    "precision": 0.1108647993840027,
    "recall": 0.6608876154835692,
    "f1": 0.18987740496679978,
    "roc_auc": 0.5361319240301419,
    "precision_recall_auc": 0.4028240474206941,
    "fbeta_0.5": 0.1330031348847718,
    "fbeta_2": 0.3317308115628109,
    "fbeta_3": 0.4417342637664564,
    "fbeta_4": 0.5115880616805185
}{'bootstrap': True, 'ccp_alpha': 0.0, 'class_weight': None, 'criterion': 'gini', 'max_depth': None, 'max_features': 'sqrt', 'max_leaf_nodes': None, 'max_samples': None, 'min_impurity_decrease': 0.0, 'min_samples_leaf': 10, 'min_samples_split': 2, 'min_weight_fraction_leaf': 0.0, 'n_estimators': 100, 'n_jobs': None, 'oob_score': False, 'random_state': None, 'verbose': 0, 'warm_start': False}