{
    "accuracy": 0.5023334511991631,
    "precision": 0.1780149340243445,
    "recall": 0.5497911474604233,
    "f1": 0.26894810948178166,
    "roc_auc": 0.5213220039469925,
    "precision_recall_auc": 0.4013843745939372,
    "fbeta_0.5": 0.20585537158583417,
    "fbeta_2": 0.38780745061725336,
    "fbeta_3": 0.454806787692951,
    "fbeta_4": 0.4896388635022095
}{'bootstrap': True, 'ccp_alpha': 0.0, 'class_weight': None, 'criterion': 'gini', 'max_depth': None, 'max_features': 'sqrt', 'max_leaf_nodes': None, 'max_samples': None, 'min_impurity_decrease': 0.0, 'min_samples_leaf': 5, 'min_samples_split': 2, 'min_weight_fraction_leaf': 0.0, 'n_estimators': 100, 'n_jobs': None, 'oob_score': False, 'random_state': None, 'verbose': 0, 'warm_start': False}