{
    "accuracy": 0.5725296250334574,
    "precision": 0.7292531951166489,
    "recall": 0.5776118320887407,
    "f1": 0.644634702619056,
    "roc_auc": 0.569882446278994,
    "precision_recall_auc": 0.7951946860240394,
    "fbeta_0.5": 0.6928729834326215,
    "fbeta_2": 0.6026759964067893,
    "fbeta_3": 0.589877787495546,
    "fbeta_4": 0.5847645559427558
}{'bootstrap': True, 'ccp_alpha': 0.0, 'class_weight': None, 'criterion': 'gini', 'max_depth': None, 'max_features': 'sqrt', 'max_leaf_nodes': None, 'max_samples': None, 'min_impurity_decrease': 0.0, 'min_samples_leaf': 5, 'min_samples_split': 2, 'min_weight_fraction_leaf': 0.0, 'n_estimators': 100, 'n_jobs': None, 'oob_score': False, 'random_state': None, 'verbose': 0, 'warm_start': False}