{
    "accuracy": 0.5379772246149354,
    "precision": 0.29402691596707914,
    "recall": 0.6096084366761059,
    "f1": 0.3967115453353985,
    "roc_auc": 0.5619057545060592,
    "precision_recall_auc": 0.5004586963473852,
    "fbeta_0.5": 0.32798512167444205,
    "fbeta_2": 0.5018750979753765,
    "fbeta_3": 0.5505206048407543,
    "fbeta_4": 0.573406001175112
}{'bootstrap': True, 'ccp_alpha': 0.0, 'class_weight': None, 'criterion': 'gini', 'max_depth': None, 'max_features': 'sqrt', 'max_leaf_nodes': None, 'max_samples': None, 'min_impurity_decrease': 0.0, 'min_samples_leaf': 5, 'min_samples_split': 2, 'min_weight_fraction_leaf': 0.0, 'n_estimators': 100, 'n_jobs': None, 'oob_score': False, 'random_state': None, 'verbose': 0, 'warm_start': False}