{
    "accuracy": 0.5482881962187021,
    "precision": 0.42825272287465377,
    "recall": 0.5440317162099766,
    "f1": 0.47924877624584483,
    "roc_auc": 0.5474758358567332,
    "precision_recall_auc": 0.5732471177100646,
    "fbeta_0.5": 0.4472909112329987,
    "fbeta_2": 0.5161246469193239,
    "fbeta_3": 0.5297108751259593,
    "fbeta_4": 0.5355153826084471
}{'bootstrap': True, 'ccp_alpha': 0.0, 'class_weight': None, 'criterion': 'gini', 'max_depth': None, 'max_features': 'sqrt', 'max_leaf_nodes': None, 'max_samples': None, 'min_impurity_decrease': 0.0, 'min_samples_leaf': 5, 'min_samples_split': 2, 'min_weight_fraction_leaf': 0.0, 'n_estimators': 100, 'n_jobs': None, 'oob_score': False, 'random_state': None, 'verbose': 0, 'warm_start': False}