{
    "accuracy": 0.562133489062462,
    "precision": 0.329298691635146,
    "recall": 0.5973543902274414,
    "f1": 0.4245559055369905,
    "roc_auc": 0.5732171619296325,
    "precision_recall_auc": 0.5177648210977293,
    "fbeta_0.5": 0.36176636484273456,
    "fbeta_2": 0.5137189046544832,
    "fbeta_3": 0.5523888378053398,
    "fbeta_4": 0.5700580033364863
}{'bootstrap': True, 'ccp_alpha': 0.0, 'class_weight': None, 'criterion': 'gini', 'max_depth': None, 'max_features': 'sqrt', 'max_leaf_nodes': None, 'max_samples': None, 'min_impurity_decrease': 0.0, 'min_samples_leaf': 5, 'min_samples_split': 2, 'min_weight_fraction_leaf': 0.0, 'n_estimators': 100, 'n_jobs': None, 'oob_score': False, 'random_state': None, 'verbose': 0, 'warm_start': False}