{
    "accuracy": 0.48945786797089813,
    "precision_micro": 0.48945786797089813,
    "recall_micro": 0.48945786797089813,
    "f1_micro": 0.48945786797089813,
    "fbeta_micro_0.5": 0.4894578679708982,
    "fbeta_micro_2": 0.4894578679708982,
    "fbeta_micro_3": 0.4894578679708982,
    "fbeta_micro_4": 0.4894578679708981,
    "precision_macro": 0.3832713499495652,
    "recall_macro": 0.3754103404231919,
    "f1_macro": 0.35311837898528187,
    "fbeta_macro_0.5": 0.3621935569607797,
    "fbeta_macro_2": 0.36059338117014345,
    "fbeta_macro_3": 0.36685853127724544,
    "fbeta_macro_4": 0.3700817898973851,
    "precision_weighted": 0.5340564491339976,
    "recall_weighted": 0.48945786797089813,
    "f1_weighted": 0.4925365402201453,
    "fbeta_weighted_0.5": 0.5124049002268177,
    "fbeta_weighted_2": 0.4856035371317429,
    "fbeta_weighted_3": 0.4865414548564097,
    "fbeta_weighted_4": 0.48748513459859316
}{'C': 1.0, 'class_weight': None, 'dual': False, 'fit_intercept': True, 'intercept_scaling': 1, 'l1_ratio': None, 'max_iter': 100, 'multi_class': 'multinomial', 'n_jobs': None, 'penalty': 'l2', 'random_state': 0, 'solver': 'saga', 'tol': 0.0001, 'verbose': 0, 'warm_start': False}