{
    "accuracy": 0.37740477421892643,
    "precision_micro": 0.37740477421892643,
    "recall_micro": 0.37740477421892643,
    "f1_micro": 0.37740477421892643,
    "fbeta_micro_0.5": 0.37740477421892643,
    "fbeta_micro_2": 0.37740477421892643,
    "fbeta_micro_3": 0.3774047742189264,
    "fbeta_micro_4": 0.3774047742189265,
    "precision_macro": 0.35829966939334557,
    "recall_macro": 0.3703193080620413,
    "f1_macro": 0.32500694316712875,
    "fbeta_macro_0.5": 0.3341129250589889,
    "fbeta_macro_2": 0.34206771674196296,
    "fbeta_macro_3": 0.3541671855438639,
    "fbeta_macro_4": 0.3602817114077245,
    "precision_weighted": 0.503203595659164,
    "recall_weighted": 0.37740477421892643,
    "f1_weighted": 0.38846431314701424,
    "fbeta_weighted_0.5": 0.4398798084105963,
    "fbeta_weighted_2": 0.371394054545353,
    "fbeta_weighted_3": 0.3725076150286233,
    "fbeta_weighted_4": 0.374037746927514
}{'alpha': 1000, 'class_prior': None, 'fit_prior': True, 'force_alpha': True}{'force_alpha': True, 'fit_prior': True, 'alpha': 1000}