{
    "accuracy": 0.5758206195099399,
    "precision_micro": 0.5758206195099399,
    "recall_micro": 0.5758206195099399,
    "f1_micro": 0.5758206195099399,
    "fbeta_micro_0.5": 0.5758206195099399,
    "fbeta_micro_2": 0.5758206195099399,
    "fbeta_micro_3": 0.57582061950994,
    "fbeta_micro_4": 0.5758206195099399,
    "precision_macro": 0.3545034901217297,
    "recall_macro": 0.35504997234172336,
    "f1_macro": 0.34484896861970066,
    "fbeta_macro_0.5": 0.34840786870943957,
    "fbeta_macro_2": 0.3480443610339292,
    "fbeta_macro_3": 0.35095326239124147,
    "fbeta_macro_4": 0.35248326915735423,
    "precision_weighted": 0.6109319417705448,
    "recall_weighted": 0.5758206195099399,
    "f1_weighted": 0.5888583106851218,
    "fbeta_weighted_0.5": 0.6010867613370644,
    "fbeta_weighted_2": 0.5797321678249375,
    "fbeta_weighted_3": 0.577517040924245,
    "fbeta_weighted_4": 0.5767505462434327
}{'alpha': 1e-05, 'class_prior': None, 'fit_prior': True, 'force_alpha': True}{'force_alpha': True, 'fit_prior': True, 'alpha': 1e-05}