{
    "accuracy": 0.69148599654476,
    "precision_micro": 0.69148599654476,
    "recall_micro": 0.69148599654476,
    "f1_micro": 0.69148599654476,
    "fbeta_micro_0.5": 0.69148599654476,
    "fbeta_micro_2": 0.69148599654476,
    "fbeta_micro_3": 0.69148599654476,
    "fbeta_micro_4": 0.69148599654476,
    "precision_macro": 0.3835418157649903,
    "recall_macro": 0.3600662495456457,
    "f1_macro": 0.3548134183715645,
    "fbeta_macro_0.5": 0.3629951782116741,
    "fbeta_macro_2": 0.35626053484422066,
    "fbeta_macro_3": 0.3579336160026428,
    "fbeta_macro_4": 0.3587590841918879,
    "precision_weighted": 0.6210002172499426,
    "recall_weighted": 0.69148599654476,
    "f1_weighted": 0.6471961749569093,
    "fbeta_weighted_0.5": 0.6276429313267857,
    "fbeta_weighted_2": 0.6723417218256978,
    "fbeta_weighted_3": 0.681686241879407,
    "fbeta_weighted_4": 0.685666555483201
}{'bootstrap': True, 'ccp_alpha': 0.0, 'class_weight': None, 'criterion': 'gini', 'max_depth': None, 'max_features': 'sqrt', 'max_leaf_nodes': None, 'max_samples': None, 'min_impurity_decrease': 0.0, 'min_samples_leaf': 10, 'min_samples_split': 2, 'min_weight_fraction_leaf': 0.0, 'n_estimators': 100, 'n_jobs': None, 'oob_score': False, 'random_state': None, 'verbose': 0, 'warm_start': False}{'n_estimators': 100, 'min_samples_leaf': 10}