{
    "accuracy": 0.4937160863323357,
    "precision_micro": 0.4937160863323357,
    "recall_micro": 0.4937160863323357,
    "f1_micro": 0.4937160863323357,
    "fbeta_micro_0.5": 0.4937160863323357,
    "fbeta_micro_2": 0.4937160863323357,
    "fbeta_micro_3": 0.4937160863323357,
    "fbeta_micro_4": 0.4937160863323357,
    "precision_macro": 0.40279215721759937,
    "recall_macro": 0.35342045581018455,
    "f1_macro": 0.31227380537481064,
    "fbeta_macro_0.5": 0.32649128801055277,
    "fbeta_macro_2": 0.3292222004158181,
    "fbeta_macro_3": 0.3399689269550716,
    "fbeta_macro_4": 0.34516577823893163,
    "precision_weighted": 0.4343108424520938,
    "recall_weighted": 0.4937160863323357,
    "f1_weighted": 0.40730329126590276,
    "fbeta_weighted_0.5": 0.3951496269658638,
    "fbeta_weighted_2": 0.4494885015859732,
    "fbeta_weighted_3": 0.46977875134123853,
    "fbeta_weighted_4": 0.4791649999140722
}{'bootstrap': True, 'ccp_alpha': 0.0, 'class_weight': None, 'criterion': 'gini', 'max_depth': None, 'max_features': 'sqrt', 'max_leaf_nodes': None, 'max_samples': None, 'min_impurity_decrease': 0.0, 'min_samples_leaf': 10, 'min_samples_split': 2, 'min_weight_fraction_leaf': 0.0, 'n_estimators': 100, 'n_jobs': None, 'oob_score': False, 'random_state': None, 'verbose': 0, 'warm_start': False}{'n_estimators': 100, 'min_samples_leaf': 10}