{
    "accuracy": 0.2295817277223756,
    "precision_micro": 0.2295817277223756,
    "recall_micro": 0.2295817277223756,
    "f1_micro": 0.2295817277223756,
    "fbeta_micro_0.5": 0.2295817277223756,
    "fbeta_micro_2": 0.2295817277223756,
    "fbeta_micro_3": 0.2295817277223756,
    "fbeta_micro_4": 0.2295817277223756,
    "precision_macro": 0.1712755914970343,
    "recall_macro": 0.17334652570765227,
    "f1_macro": 0.15922785847135446,
    "fbeta_macro_0.5": 0.16330218899490476,
    "fbeta_macro_2": 0.16375214378618708,
    "fbeta_macro_3": 0.16766488642977634,
    "fbeta_macro_4": 0.16975609858619345,
    "precision_weighted": 0.305410816554349,
    "recall_weighted": 0.2295817277223756,
    "f1_weighted": 0.24710455511080212,
    "fbeta_weighted_0.5": 0.275286077746846,
    "fbeta_weighted_2": 0.23261891608485918,
    "fbeta_weighted_3": 0.23039964718967706,
    "fbeta_weighted_4": 0.22988315704013687
}{'activation': 'relu', 'alpha': 0.0001, 'batch_size': 200, 'beta_1': 0.9, 'beta_2': 0.999, 'early_stopping': False, 'epsilon': 1e-08, 'hidden_layer_sizes': (20,), 'learning_rate': 'constant', 'learning_rate_init': 0.001, 'max_fun': 15000, 'max_iter': 200, 'momentum': 0.9, 'n_iter_no_change': 10, 'nesterovs_momentum': True, 'power_t': 0.5, 'random_state': None, 'shuffle': True, 'solver': 'adam', 'tol': 0.0001, 'validation_fraction': 0.1, 'verbose': False, 'warm_start': False}{'hidden_layer_sizes': (20,), 'batch_size': 200}