{
    "accuracy": 0.37490985511258096,
    "precision_micro": 0.37490985511258096,
    "recall_micro": 0.37490985511258096,
    "f1_micro": 0.37490985511258096,
    "fbeta_micro_0.5": 0.37490985511258096,
    "fbeta_micro_2": 0.37490985511258096,
    "fbeta_micro_3": 0.37490985511258096,
    "fbeta_micro_4": 0.3749098551125809,
    "precision_macro": 0.36460011504602124,
    "recall_macro": 0.3626629324945483,
    "f1_macro": 0.3003818610738506,
    "fbeta_macro_0.5": 0.28510500408376266,
    "fbeta_macro_2": 0.3323844109715906,
    "fbeta_macro_3": 0.34645172751302317,
    "fbeta_macro_4": 0.35284448737511026,
    "precision_weighted": 0.36554658208101193,
    "recall_weighted": 0.37490985511258096,
    "f1_weighted": 0.3102438254135123,
    "fbeta_weighted_0.5": 0.2933420605916507,
    "fbeta_weighted_2": 0.3435777105455604,
    "fbeta_weighted_3": 0.3581455694703123,
    "fbeta_weighted_4": 0.3647588195830146
}{'activation': 'relu', 'alpha': 0.0001, 'batch_size': 200, 'beta_1': 0.9, 'beta_2': 0.999, 'early_stopping': False, 'epsilon': 1e-08, 'hidden_layer_sizes': (20,), 'learning_rate': 'constant', 'learning_rate_init': 0.001, 'max_fun': 15000, 'max_iter': 200, 'momentum': 0.9, 'n_iter_no_change': 10, 'nesterovs_momentum': True, 'power_t': 0.5, 'random_state': None, 'shuffle': True, 'solver': 'adam', 'tol': 0.0001, 'validation_fraction': 0.1, 'verbose': False, 'warm_start': False}{'hidden_layer_sizes': (20,), 'batch_size': 200}