{
    "accuracy": 0.5152444217339465,
    "precision_micro": 0.5152444217339465,
    "recall_micro": 0.5152444217339465,
    "f1_micro": 0.5152444217339465,
    "fbeta_micro_0.5": 0.5152444217339465,
    "fbeta_micro_2": 0.5152444217339465,
    "fbeta_micro_3": 0.5152444217339465,
    "fbeta_micro_4": 0.5152444217339465,
    "precision_macro": 0.4079922720400611,
    "recall_macro": 0.3546293375253095,
    "f1_macro": 0.32467010827085047,
    "fbeta_macro_0.5": 0.312387911184079,
    "fbeta_macro_2": 0.34142844882797996,
    "fbeta_macro_3": 0.34780927673471873,
    "fbeta_macro_4": 0.3505621024416243,
    "precision_weighted": 0.5049159807975179,
    "recall_weighted": 0.5152444217339465,
    "f1_weighted": 0.4828652042697262,
    "fbeta_weighted_0.5": 0.4673249490147414,
    "fbeta_weighted_2": 0.5013656725512687,
    "fbeta_weighted_3": 0.5081359721572779,
    "fbeta_weighted_4": 0.5110203168338484
}{'activation': 'relu', 'alpha': 0.0001, 'batch_size': 200, 'beta_1': 0.9, 'beta_2': 0.999, 'early_stopping': False, 'epsilon': 1e-08, 'hidden_layer_sizes': (20,), 'learning_rate': 'constant', 'learning_rate_init': 0.001, 'max_fun': 15000, 'max_iter': 200, 'momentum': 0.9, 'n_iter_no_change': 10, 'nesterovs_momentum': True, 'power_t': 0.5, 'random_state': None, 'shuffle': True, 'solver': 'adam', 'tol': 0.0001, 'validation_fraction': 0.1, 'verbose': False, 'warm_start': False}{'hidden_layer_sizes': (20,), 'batch_size': 200}