{
    "accuracy": 0.3837058107940763,
    "precision_micro": 0.3837058107940763,
    "recall_micro": 0.3837058107940763,
    "f1_micro": 0.3837058107940763,
    "fbeta_micro_0.5": 0.3837058107940763,
    "fbeta_micro_2": 0.3837058107940763,
    "fbeta_micro_3": 0.3837058107940763,
    "fbeta_micro_4": 0.38370581079407634,
    "precision_macro": 0.378324606870626,
    "recall_macro": 0.3730455630970499,
    "f1_macro": 0.3393397267963573,
    "fbeta_macro_0.5": 0.34271225269799993,
    "fbeta_macro_2": 0.3556664326490681,
    "fbeta_macro_3": 0.36376835217715914,
    "fbeta_macro_4": 0.3674474829952534,
    "precision_weighted": 0.3788211159968102,
    "recall_weighted": 0.3837058107940763,
    "f1_weighted": 0.34684607005631435,
    "fbeta_weighted_0.5": 0.3473384968510295,
    "fbeta_weighted_2": 0.3651296928700624,
    "fbeta_weighted_3": 0.37383138236086955,
    "fbeta_weighted_4": 0.3777561405930887
}{'bootstrap': True, 'ccp_alpha': 0.0, 'class_weight': None, 'criterion': 'gini', 'max_depth': None, 'max_features': 'sqrt', 'max_leaf_nodes': None, 'max_samples': None, 'min_impurity_decrease': 0.0, 'min_samples_leaf': 10, 'min_samples_split': 2, 'min_weight_fraction_leaf': 0.0, 'n_estimators': 100, 'n_jobs': None, 'oob_score': False, 'random_state': None, 'verbose': 0, 'warm_start': False}{'n_estimators': 100, 'min_samples_leaf': 10}