{
    "accuracy": 0.7234591332700684,
    "precision_micro": 0.7234591332700684,
    "recall_micro": 0.7234591332700684,
    "f1_micro": 0.7234591332700684,
    "fbeta_micro_0.5": 0.7234591332700684,
    "fbeta_micro_2": 0.7234591332700684,
    "fbeta_micro_3": 0.7234591332700683,
    "fbeta_micro_4": 0.7234591332700684,
    "precision_macro": 0.3613164554219345,
    "recall_macro": 0.3412170159679652,
    "f1_macro": 0.31701037580094826,
    "fbeta_macro_0.5": 0.31658373622334285,
    "fbeta_macro_2": 0.3292689934697411,
    "fbeta_macro_3": 0.33490794280404507,
    "fbeta_macro_4": 0.33742631014791913,
    "precision_weighted": 0.607819874496551,
    "recall_weighted": 0.7234591332700684,
    "f1_weighted": 0.6460609667690431,
    "fbeta_weighted_0.5": 0.6120281983370883,
    "fbeta_weighted_2": 0.6896054236858318,
    "fbeta_weighted_3": 0.7060318265457215,
    "fbeta_weighted_4": 0.7130839465196507
}{'activation': 'relu', 'alpha': 0.0001, 'batch_size': 100, 'beta_1': 0.9, 'beta_2': 0.999, 'early_stopping': False, 'epsilon': 1e-08, 'hidden_layer_sizes': (30,), 'learning_rate': 'constant', 'learning_rate_init': 0.001, 'max_fun': 15000, 'max_iter': 200, 'momentum': 0.9, 'n_iter_no_change': 10, 'nesterovs_momentum': True, 'power_t': 0.5, 'random_state': None, 'shuffle': True, 'solver': 'adam', 'tol': 0.0001, 'validation_fraction': 0.1, 'verbose': False, 'warm_start': False}{'hidden_layer_sizes': (30,), 'batch_size': 100}