{
    "accuracy": 0.24312167192360085,
    "precision_micro": 0.24312167192360085,
    "recall_micro": 0.24312167192360085,
    "f1_micro": 0.24312167192360085,
    "fbeta_micro_0.5": 0.24312167192360087,
    "fbeta_micro_2": 0.24312167192360087,
    "fbeta_micro_3": 0.2431216719236009,
    "fbeta_micro_4": 0.24312167192360085,
    "precision_macro": 0.17075432399089854,
    "recall_macro": 0.1745546607687539,
    "f1_macro": 0.16141021971305355,
    "fbeta_macro_0.5": 0.16525389593972878,
    "fbeta_macro_2": 0.1644393704363703,
    "fbeta_macro_3": 0.168151108669679,
    "fbeta_macro_4": 0.17037035434953443,
    "precision_weighted": 0.30321501695596603,
    "recall_weighted": 0.24312167192360085,
    "f1_weighted": 0.26306222528356027,
    "fbeta_weighted_0.5": 0.28458105157802766,
    "fbeta_weighted_2": 0.24831293723220527,
    "fbeta_weighted_3": 0.2450945598955312,
    "fbeta_weighted_4": 0.24410230479159375
}{'C': 1.0, 'class_weight': None, 'dual': False, 'fit_intercept': True, 'intercept_scaling': 1, 'l1_ratio': None, 'max_iter': 100, 'multi_class': 'multinomial', 'n_jobs': None, 'penalty': 'l2', 'random_state': 0, 'solver': 'saga', 'tol': 0.0001, 'verbose': 0, 'warm_start': False}