{
    "accuracy": 0.36750704769119824,
    "precision_micro": 0.36750704769119824,
    "recall_micro": 0.36750704769119824,
    "f1_micro": 0.36750704769119824,
    "fbeta_micro_0.5": 0.36750704769119824,
    "fbeta_micro_2": 0.36750704769119824,
    "fbeta_micro_3": 0.36750704769119824,
    "fbeta_micro_4": 0.36750704769119824,
    "precision_macro": 0.36707218304792605,
    "recall_macro": 0.3667115765283681,
    "f1_macro": 0.3661908074434801,
    "fbeta_macro_0.5": 0.36654240692792883,
    "fbeta_macro_2": 0.36634301604478847,
    "fbeta_macro_3": 0.3665011421861261,
    "fbeta_macro_4": 0.366581499845212,
    "precision_weighted": 0.36829602255366467,
    "recall_weighted": 0.36750704769119824,
    "f1_weighted": 0.3671836257810153,
    "fbeta_weighted_0.5": 0.36766950416646244,
    "fbeta_weighted_2": 0.36721364962773284,
    "fbeta_weighted_3": 0.36733358386666215,
    "fbeta_weighted_4": 0.36739857192592323
}{'ccp_alpha': 0.0, 'class_weight': None, 'criterion': 'gini', 'max_depth': None, 'max_features': None, 'max_leaf_nodes': None, 'min_impurity_decrease': 0.0, 'min_samples_leaf': 1, 'min_samples_split': 2, 'min_weight_fraction_leaf': 0.0, 'random_state': 0, 'splitter': 'best'}