{
    "accuracy": 0.7392117512511017,
    "precision_micro": 0.7392117512511017,
    "recall_micro": 0.7392117512511017,
    "f1_micro": 0.7392117512511017,
    "fbeta_micro_0.5": 0.7392117512511017,
    "fbeta_micro_2": 0.7392117512511017,
    "fbeta_micro_3": 0.7392117512511018,
    "fbeta_micro_4": 0.7392117512511017,
    "precision_macro": 0.38141033772110394,
    "recall_macro": 0.3494985535195572,
    "f1_macro": 0.33983385547885486,
    "fbeta_macro_0.5": 0.3511039387570433,
    "fbeta_macro_2": 0.34311027784481324,
    "fbeta_macro_3": 0.34596801553834733,
    "fbeta_macro_4": 0.3473448113215414,
    "precision_weighted": 0.6452997287360842,
    "recall_weighted": 0.7392117512511017,
    "f1_weighted": 0.6788140599623533,
    "fbeta_weighted_0.5": 0.6531199635492166,
    "fbeta_weighted_2": 0.7128636197445384,
    "fbeta_weighted_3": 0.7256834741934529,
    "fbeta_weighted_4": 0.7311680275616369
}{'bootstrap': True, 'ccp_alpha': 0.0, 'class_weight': None, 'criterion': 'gini', 'max_depth': None, 'max_features': 'sqrt', 'max_leaf_nodes': None, 'max_samples': None, 'min_impurity_decrease': 0.0, 'min_samples_leaf': 10, 'min_samples_split': 2, 'min_weight_fraction_leaf': 0.0, 'n_estimators': 100, 'n_jobs': None, 'oob_score': False, 'random_state': None, 'verbose': 0, 'warm_start': False}{'n_estimators': 100, 'min_samples_leaf': 10}