{
    "precision_macro": 0.3333333333333333,
    "recall_macro": 0.3333333333333333,
    "f1_macro": 0.3333333333333333,
    "fbeta_0.5_macro": 0.3333333333333333,
    "fbeta_2_macro": 0.3333333333333333,
    "fbeta_3_macro": 0.33333333333333326,
    "fbeta_4_macro": 0.3333333333333333,
    "precision_weighted": 0.33422735337682485,
    "recall_weighted": 0.33422735337682485,
    "f1_weighted": 0.33422735337682485,
    "fbeta_0.5_weighted": 0.33422735337682485,
    "fbeta_2_weighted": 0.33422735337682485,
    "fbeta_3_weighted": 0.3342273533768248,
    "fbeta_4_weighted": 0.33422735337682485,
    "precision_micro": 0.3342273533768249,
    "recall_micro": 0.3342273533768249,
    "f1_micro": 0.3342273533768249,
    "fbeta_{}_micro": 0.3342273533768249
}