{
    "accuracy": 0.37514295447356255,
    "precision_micro": 0.37514295447356255,
    "recall_micro": 0.37514295447356255,
    "f1_micro": 0.37514295447356255,
    "fbeta_micro_0.5": 0.37514295447356255,
    "fbeta_micro_2": 0.37514295447356255,
    "fbeta_micro_3": 0.3751429544735625,
    "fbeta_micro_4": 0.37514295447356255,
    "precision_macro": 0.3659761854306048,
    "recall_macro": 0.36572209642103565,
    "f1_macro": 0.31877755468485747,
    "fbeta_macro_0.5": 0.31536650769949487,
    "fbeta_macro_2": 0.3427335958458338,
    "fbeta_macro_3": 0.3535423317394577,
    "fbeta_macro_4": 0.35838836732545704,
    "precision_weighted": 0.3666157917358657,
    "recall_weighted": 0.37514295447356255,
    "f1_weighted": 0.3255951066855114,
    "fbeta_weighted_0.5": 0.3200757368626397,
    "fbeta_weighted_2": 0.3510906881473985,
    "fbeta_weighted_3": 0.36241928488156866,
    "fbeta_weighted_4": 0.3674857812405131
}{'activation': 'relu', 'alpha': 0.0001, 'batch_size': 100, 'beta_1': 0.9, 'beta_2': 0.999, 'early_stopping': False, 'epsilon': 1e-08, 'hidden_layer_sizes': (30,), 'learning_rate': 'constant', 'learning_rate_init': 0.001, 'max_fun': 15000, 'max_iter': 200, 'momentum': 0.9, 'n_iter_no_change': 10, 'nesterovs_momentum': True, 'power_t': 0.5, 'random_state': None, 'shuffle': True, 'solver': 'adam', 'tol': 0.0001, 'validation_fraction': 0.1, 'verbose': False, 'warm_start': False}{'hidden_layer_sizes': (30,), 'batch_size': 100}