{
    "accuracy": 0.4856678734547892,
    "precision_micro": 0.4856678734547892,
    "recall_micro": 0.4856678734547892,
    "f1_micro": 0.4856678734547892,
    "fbeta_micro_0.5": 0.48566787345478923,
    "fbeta_micro_2": 0.48566787345478923,
    "fbeta_micro_3": 0.48566787345478923,
    "fbeta_micro_4": 0.4856678734547891,
    "precision_macro": 0.3605582523298008,
    "recall_macro": 0.3449161885015401,
    "f1_macro": 0.2927377641769816,
    "fbeta_macro_0.5": 0.2892525585851258,
    "fbeta_macro_2": 0.31788971732474214,
    "fbeta_macro_3": 0.3302565621389417,
    "fbeta_macro_4": 0.33599810280132886,
    "precision_weighted": 0.40969708353157386,
    "recall_weighted": 0.4856678734547892,
    "f1_weighted": 0.3884044714494085,
    "fbeta_weighted_0.5": 0.36296010960077,
    "fbeta_weighted_2": 0.43827585562503946,
    "fbeta_weighted_3": 0.46031342198006914,
    "fbeta_weighted_4": 0.47032203677948875
}{'alpha': 1e-05, 'class_prior': None, 'fit_prior': True, 'force_alpha': True}{'force_alpha': True, 'fit_prior': True, 'alpha': 1e-05}