{
    "accuracy": 0.3760067644840256,
    "precision_micro": 0.3760067644840256,
    "recall_micro": 0.3760067644840256,
    "f1_micro": 0.3760067644840256,
    "fbeta_micro_0.5": 0.3760067644840256,
    "fbeta_micro_2": 0.3760067644840256,
    "fbeta_micro_3": 0.3760067644840256,
    "fbeta_micro_4": 0.37600676448402554,
    "precision_macro": 0.3545193376012163,
    "recall_macro": 0.3662916558817144,
    "f1_macro": 0.3192443204869726,
    "fbeta_macro_0.5": 0.3290351264747664,
    "fbeta_macro_2": 0.33679652715634295,
    "fbeta_macro_3": 0.3493964962122347,
    "fbeta_macro_4": 0.35578384239610505,
    "precision_weighted": 0.5129667634459701,
    "recall_weighted": 0.3760067644840256,
    "f1_weighted": 0.39059055067829446,
    "fbeta_weighted_0.5": 0.4455737667398644,
    "fbeta_weighted_2": 0.3712381625137097,
    "fbeta_weighted_3": 0.37171803037782314,
    "fbeta_weighted_4": 0.37299588883837936
}{'alpha': 1000, 'class_prior': None, 'fit_prior': True, 'force_alpha': True}{'force_alpha': True, 'fit_prior': True, 'alpha': 1000}