{
    "accuracy": 0.14978587244811056,
    "precision_micro": 0.14978587244811056,
    "recall_micro": 0.14978587244811056,
    "f1_micro": 0.14978587244811056,
    "fbeta_micro_0.5": 0.14978587244811056,
    "fbeta_micro_2": 0.14978587244811056,
    "fbeta_micro_3": 0.1497858724481106,
    "fbeta_micro_4": 0.14978587244811056,
    "precision_macro": 0.14126480093654994,
    "recall_macro": 0.14049444219181315,
    "f1_macro": 0.09010645137187967,
    "fbeta_macro_0.5": 0.07914629429222018,
    "fbeta_macro_2": 0.10848980582136662,
    "fbeta_macro_3": 0.11791281319230286,
    "fbeta_macro_4": 0.12327314037340462,
    "precision_weighted": 0.28638190846040074,
    "recall_weighted": 0.14978587244811056,
    "f1_weighted": 0.10624980909651281,
    "fbeta_weighted_0.5": 0.09383372607711052,
    "fbeta_weighted_2": 0.12787401147887692,
    "fbeta_weighted_3": 0.13775324609825548,
    "fbeta_weighted_4": 0.1423695313556664
}{'C': 1.0, 'class_weight': None, 'dual': 'warn', 'fit_intercept': True, 'intercept_scaling': 1, 'loss': 'squared_hinge', 'max_iter': 1000, 'multi_class': 'crammer_singer', 'penalty': 'l2', 'random_state': 0, 'tol': 0.0001, 'verbose': 0}