{
    "accuracy": 0.4353615629484481,
    "precision_micro": 0.4353615629484481,
    "recall_micro": 0.4353615629484481,
    "f1_micro": 0.4353615629484481,
    "fbeta_micro_0.5": 0.4353615629484481,
    "fbeta_micro_2": 0.4353615629484481,
    "fbeta_micro_3": 0.4353615629484481,
    "fbeta_micro_4": 0.4353615629484481,
    "precision_macro": 0.3654324872230685,
    "recall_macro": 0.3770782879065178,
    "f1_macro": 0.3580128562945546,
    "fbeta_macro_0.5": 0.3598017015060449,
    "fbeta_macro_2": 0.36532732677982543,
    "fbeta_macro_3": 0.37035438685186306,
    "fbeta_macro_4": 0.3728976093632958,
    "precision_weighted": 0.5114331393572381,
    "recall_weighted": 0.4353615629484481,
    "f1_weighted": 0.4613511432334038,
    "fbeta_weighted_0.5": 0.48821611926650854,
    "fbeta_weighted_2": 0.44294614054574283,
    "fbeta_weighted_3": 0.43865894491562335,
    "fbeta_weighted_4": 0.4371769691784143
}{'ccp_alpha': 0.0, 'class_weight': None, 'criterion': 'gini', 'max_depth': None, 'max_features': None, 'max_leaf_nodes': None, 'min_impurity_decrease': 0.0, 'min_samples_leaf': 1, 'min_samples_split': 2, 'min_weight_fraction_leaf': 0.0, 'random_state': 0, 'splitter': 'best'}