{
    "accuracy": 0.1705340947996416,
    "precision_micro": 0.1705340947996416,
    "recall_micro": 0.1705340947996416,
    "f1_micro": 0.1705340947996416,
    "fbeta_micro_0.5": 0.1705340947996416,
    "fbeta_micro_2": 0.1705340947996416,
    "fbeta_micro_3": 0.1705340947996416,
    "fbeta_micro_4": 0.1705340947996416,
    "precision_macro": 0.15314130307771814,
    "recall_macro": 0.16761038624434704,
    "f1_macro": 0.13307835672827736,
    "fbeta_macro_0.5": 0.14011380192751408,
    "fbeta_macro_2": 0.13729574255073437,
    "fbeta_macro_3": 0.14335939865039737,
    "fbeta_macro_4": 0.14818547634251905,
    "precision_weighted": 0.2748155720536096,
    "recall_weighted": 0.1705340947996416,
    "f1_weighted": 0.1949533030538611,
    "fbeta_weighted_0.5": 0.2308506902723787,
    "fbeta_weighted_2": 0.17622607220777745,
    "fbeta_weighted_3": 0.1725805733452998,
    "fbeta_weighted_4": 0.17147218421913563
}{'ccp_alpha': 0.0, 'class_weight': None, 'criterion': 'gini', 'max_depth': None, 'max_features': None, 'max_leaf_nodes': None, 'min_impurity_decrease': 0.0, 'min_samples_leaf': 1, 'min_samples_split': 2, 'min_weight_fraction_leaf': 0.0, 'random_state': 0, 'splitter': 'best'}