{
    "accuracy": 0.6064419903991142,
    "precision_micro": 0.6064419903991142,
    "recall_micro": 0.6064419903991142,
    "f1_micro": 0.6064419903991142,
    "fbeta_micro_0.5": 0.6064419903991142,
    "fbeta_micro_2": 0.6064419903991142,
    "fbeta_micro_3": 0.6064419903991142,
    "fbeta_micro_4": 0.6064419903991142,
    "precision_macro": 0.38038706468235617,
    "recall_macro": 0.3426330717987764,
    "f1_macro": 0.30248950116139733,
    "fbeta_macro_0.5": 0.29874391137375905,
    "fbeta_macro_2": 0.3224409552706448,
    "fbeta_macro_3": 0.33183791960469683,
    "fbeta_macro_4": 0.33610966793912184,
    "precision_weighted": 0.4971099508863595,
    "recall_weighted": 0.6064419903991142,
    "f1_weighted": 0.509782511452325,
    "fbeta_weighted_0.5": 0.4751071545287762,
    "fbeta_weighted_2": 0.5617544883716991,
    "fbeta_weighted_3": 0.5829866118412079,
    "fbeta_weighted_4": 0.5923627997825791
}{'activation': 'relu', 'alpha': 0.0001, 'batch_size': 200, 'beta_1': 0.9, 'beta_2': 0.999, 'early_stopping': False, 'epsilon': 1e-08, 'hidden_layer_sizes': (15,), 'learning_rate': 'constant', 'learning_rate_init': 0.001, 'max_fun': 15000, 'max_iter': 200, 'momentum': 0.9, 'n_iter_no_change': 10, 'nesterovs_momentum': True, 'power_t': 0.5, 'random_state': None, 'shuffle': True, 'solver': 'adam', 'tol': 0.0001, 'validation_fraction': 0.1, 'verbose': False, 'warm_start': False}{'hidden_layer_sizes': (15,), 'batch_size': 200}