{
    "accuracy": 0.22855682896561794,
    "precision_micro": 0.22855682896561794,
    "recall_micro": 0.22855682896561794,
    "f1_micro": 0.22855682896561794,
    "fbeta_micro_0.5": 0.22855682896561796,
    "fbeta_micro_2": 0.22855682896561796,
    "fbeta_micro_3": 0.22855682896561796,
    "fbeta_micro_4": 0.22855682896561794,
    "precision_macro": 0.16924704200045787,
    "recall_macro": 0.172167273053103,
    "f1_macro": 0.1540542219559116,
    "fbeta_macro_0.5": 0.1600857177109683,
    "fbeta_macro_2": 0.1579336636182222,
    "fbeta_macro_3": 0.16297492734809751,
    "fbeta_macro_4": 0.16608063435725487,
    "precision_weighted": 0.3122220838753688,
    "recall_weighted": 0.22855682896561794,
    "f1_weighted": 0.2510539922357839,
    "fbeta_weighted_0.5": 0.28185816175740885,
    "fbeta_weighted_2": 0.233067553422635,
    "fbeta_weighted_3": 0.2298323413195344,
    "fbeta_weighted_4": 0.22901854546395176
}{'C': 1.0, 'class_weight': None, 'dual': False, 'fit_intercept': True, 'intercept_scaling': 1, 'l1_ratio': None, 'max_iter': 100, 'multi_class': 'multinomial', 'n_jobs': None, 'penalty': 'l2', 'random_state': 0, 'solver': 'saga', 'tol': 0.0001, 'verbose': 0, 'warm_start': False}