{
    "accuracy": 0.21401805484585248,
    "precision_micro": 0.21401805484585248,
    "recall_micro": 0.21401805484585248,
    "f1_micro": 0.21401805484585248,
    "fbeta_micro_0.5": 0.21401805484585248,
    "fbeta_micro_2": 0.21401805484585248,
    "fbeta_micro_3": 0.21401805484585248,
    "fbeta_micro_4": 0.21401805484585248,
    "precision_macro": 0.17135052322660624,
    "recall_macro": 0.1766524330669103,
    "f1_macro": 0.15521556871991007,
    "fbeta_macro_0.5": 0.16112889699458596,
    "fbeta_macro_2": 0.1609240287001055,
    "fbeta_macro_3": 0.1668729664125502,
    "fbeta_macro_4": 0.17031123208162682,
    "precision_weighted": 0.314154856028548,
    "recall_weighted": 0.21401805484585248,
    "f1_weighted": 0.2414916497411297,
    "fbeta_weighted_0.5": 0.2774808610196238,
    "fbeta_weighted_2": 0.2204226293552471,
    "fbeta_weighted_3": 0.2163203526962118,
    "fbeta_weighted_4": 0.2151242057892225
}{'bootstrap': True, 'ccp_alpha': 0.0, 'class_weight': None, 'criterion': 'gini', 'max_depth': None, 'max_features': 'sqrt', 'max_leaf_nodes': None, 'max_samples': None, 'min_impurity_decrease': 0.0, 'min_samples_leaf': 10, 'min_samples_split': 2, 'min_weight_fraction_leaf': 0.0, 'n_estimators': 100, 'n_jobs': None, 'oob_score': False, 'random_state': None, 'verbose': 0, 'warm_start': False}{'n_estimators': 100, 'min_samples_leaf': 10}