{
    "accuracy": 0.36386665112653793,
    "precision_micro": 0.36386665112653793,
    "recall_micro": 0.36386665112653793,
    "f1_micro": 0.36386665112653793,
    "fbeta_micro_0.5": 0.363866651126538,
    "fbeta_micro_2": 0.363866651126538,
    "fbeta_micro_3": 0.363866651126538,
    "fbeta_micro_4": 0.36386665112653793,
    "precision_macro": 0.3447394496132586,
    "recall_macro": 0.35127083290144173,
    "f1_macro": 0.2875419496147948,
    "fbeta_macro_0.5": 0.26107992583840844,
    "fbeta_macro_2": 0.32235637750195223,
    "fbeta_macro_3": 0.3361430190670949,
    "fbeta_macro_4": 0.34219889433513684,
    "precision_weighted": 0.3461596668014934,
    "recall_weighted": 0.36386665112653793,
    "f1_weighted": 0.29787241620017235,
    "fbeta_weighted_0.5": 0.27031383510604656,
    "fbeta_weighted_2": 0.33394049955812144,
    "fbeta_weighted_3": 0.34821156312983814,
    "fbeta_weighted_4": 0.3544789878282493
}{'alpha': 1000, 'class_prior': None, 'fit_prior': True, 'force_alpha': True}{'force_alpha': True, 'fit_prior': True, 'alpha': 1000}