{
    "accuracy": 0.37618463129830493,
    "precision_micro": 0.37618463129830493,
    "recall_micro": 0.37618463129830493,
    "f1_micro": 0.376184631298305,
    "fbeta_micro_0.5": 0.37618463129830493,
    "fbeta_micro_2": 0.37618463129830493,
    "fbeta_micro_3": 0.37618463129830493,
    "fbeta_micro_4": 0.37618463129830493,
    "precision_macro": 0.36307401453537874,
    "recall_macro": 0.36295112463201074,
    "f1_macro": 0.2983161404498889,
    "fbeta_macro_0.5": 0.272343007146935,
    "fbeta_macro_2": 0.3336788092112372,
    "fbeta_macro_3": 0.3476608137692212,
    "fbeta_macro_4": 0.35378907048448843,
    "precision_weighted": 0.36403870844517194,
    "recall_weighted": 0.37618463129830493,
    "f1_weighted": 0.3090071933244634,
    "fbeta_weighted_0.5": 0.28173396444514365,
    "fbeta_weighted_2": 0.3457811997242814,
    "fbeta_weighted_3": 0.3603051640569957,
    "fbeta_weighted_4": 0.36666987454812294
}{'C': 1.0, 'class_weight': None, 'dual': False, 'fit_intercept': True, 'intercept_scaling': 1, 'l1_ratio': None, 'max_iter': 100, 'multi_class': 'multinomial', 'n_jobs': None, 'penalty': 'l2', 'random_state': 0, 'solver': 'saga', 'tol': 0.0001, 'verbose': 0, 'warm_start': False}