{
    "accuracy": 0.38621432221330027,
    "precision_micro": 0.38621432221330027,
    "recall_micro": 0.38621432221330027,
    "f1_micro": 0.38621432221330027,
    "fbeta_micro_0.5": 0.38621432221330027,
    "fbeta_micro_2": 0.38621432221330027,
    "fbeta_micro_3": 0.38621432221330027,
    "fbeta_micro_4": 0.38621432221330027,
    "precision_macro": 0.38076283927687155,
    "recall_macro": 0.38032071332839873,
    "f1_macro": 0.36831368378180424,
    "fbeta_macro_0.5": 0.37167069824096627,
    "fbeta_macro_2": 0.37331731721314293,
    "fbeta_macro_3": 0.3764756319653145,
    "fbeta_macro_4": 0.3779767540642643,
    "precision_weighted": 0.38138108972282986,
    "recall_weighted": 0.38621432221330027,
    "f1_weighted": 0.3719179636655144,
    "fbeta_weighted_0.5": 0.37364632217182997,
    "fbeta_weighted_2": 0.37832114220683083,
    "fbeta_weighted_3": 0.3819255460770931,
    "fbeta_weighted_4": 0.3836094206944622
}{'bootstrap': True, 'ccp_alpha': 0.0, 'class_weight': None, 'criterion': 'gini', 'max_depth': None, 'max_features': 'sqrt', 'max_leaf_nodes': None, 'max_samples': None, 'min_impurity_decrease': 0.0, 'min_samples_leaf': 5, 'min_samples_split': 2, 'min_weight_fraction_leaf': 0.0, 'n_estimators': 100, 'n_jobs': None, 'oob_score': False, 'random_state': None, 'verbose': 0, 'warm_start': False}{'n_estimators': 100, 'min_samples_leaf': 5}