{
    "accuracy": 0.21944907815470685,
    "precision_micro": 0.21944907815470685,
    "recall_micro": 0.21944907815470685,
    "f1_micro": 0.21944907815470685,
    "fbeta_micro_0.5": 0.21944907815470685,
    "fbeta_micro_2": 0.21944907815470685,
    "fbeta_micro_3": 0.21944907815470685,
    "fbeta_micro_4": 0.21944907815470685,
    "precision_macro": 0.17247967318718635,
    "recall_macro": 0.17682698275073636,
    "f1_macro": 0.15896002399669387,
    "fbeta_macro_0.5": 0.16392110921766911,
    "fbeta_macro_2": 0.1640313592747427,
    "fbeta_macro_3": 0.1690296242555422,
    "fbeta_macro_4": 0.17182975848709342,
    "precision_weighted": 0.30622075559586526,
    "recall_weighted": 0.21944907815470685,
    "f1_weighted": 0.24410972034617578,
    "fbeta_weighted_0.5": 0.2754725933218164,
    "fbeta_weighted_2": 0.22528404079730063,
    "fbeta_weighted_3": 0.22158518544452055,
    "fbeta_weighted_4": 0.2204946106938203
}{'bootstrap': True, 'ccp_alpha': 0.0, 'class_weight': None, 'criterion': 'gini', 'max_depth': None, 'max_features': 'sqrt', 'max_leaf_nodes': None, 'max_samples': None, 'min_impurity_decrease': 0.0, 'min_samples_leaf': 20, 'min_samples_split': 2, 'min_weight_fraction_leaf': 0.0, 'n_estimators': 50, 'n_jobs': None, 'oob_score': False, 'random_state': None, 'verbose': 0, 'warm_start': False}{'n_estimators': 50, 'min_samples_leaf': 20}