{
    "precision_macro": 0.3333333333333333,
    "recall_macro": 0.3333333333333333,
    "f1_macro": 0.3333333333333333,
    "fbeta_0.5_macro": 0.3333333333333333,
    "fbeta_2_macro": 0.3333333333333333,
    "fbeta_3_macro": 0.3333333333333333,
    "fbeta_4_macro": 0.3333333333333333,
    "precision_weighted": 0.3338674465142391,
    "recall_weighted": 0.3338674465142391,
    "f1_weighted": 0.3338674465142391,
    "fbeta_0.5_weighted": 0.3338674465142391,
    "fbeta_2_weighted": 0.3338674465142391,
    "fbeta_3_weighted": 0.3338674465142391,
    "fbeta_4_weighted": 0.3338674465142391,
    "precision_micro": 0.33386744651423905,
    "recall_micro": 0.33386744651423905,
    "f1_micro": 0.33386744651423905,
    "fbeta_{}_micro": 0.33386744651423905
}