{
    "precision_macro": 0.14285714285714285,
    "recall_macro": 0.14285714285714285,
    "f1_macro": 0.14285714285714285,
    "fbeta_0.5_macro": 0.14285714285714285,
    "fbeta_2_macro": 0.14285714285714285,
    "fbeta_3_macro": 0.14285714285714285,
    "fbeta_4_macro": 0.14285714285714285,
    "precision_weighted": 0.2666752625727635,
    "recall_weighted": 0.2666752625727635,
    "f1_weighted": 0.2666752625727635,
    "fbeta_0.5_weighted": 0.2666752625727635,
    "fbeta_2_weighted": 0.2666752625727635,
    "fbeta_3_weighted": 0.2666752625727635,
    "fbeta_4_weighted": 0.2666752625727635,
    "precision_micro": 0.2666752625727635,
    "recall_micro": 0.2666752625727635,
    "f1_micro": 0.2666752625727635,
    "fbeta_{}_micro": 0.2666752625727635
}