{
    "accuracy": 0.4851506785451526,
    "precision_micro": 0.4851506785451526,
    "recall_micro": 0.4851506785451526,
    "f1_micro": 0.4851506785451526,
    "fbeta_micro_0.5": 0.4851506785451526,
    "fbeta_micro_2": 0.4851506785451526,
    "fbeta_micro_3": 0.4851506785451526,
    "fbeta_micro_4": 0.4851506785451526,
    "precision_macro": 0.3905514738637943,
    "recall_macro": 0.37628106582114923,
    "f1_macro": 0.3554999252756474,
    "fbeta_macro_0.5": 0.365816859281241,
    "fbeta_macro_2": 0.36231549795297574,
    "fbeta_macro_3": 0.36822634604605176,
    "fbeta_macro_4": 0.3712653159820654,
    "precision_weighted": 0.522845483064083,
    "recall_weighted": 0.4851506785451526,
    "f1_weighted": 0.4855252880173404,
    "fbeta_weighted_0.5": 0.5026186698344343,
    "fbeta_weighted_2": 0.480628381991538,
    "fbeta_weighted_3": 0.48198537923958257,
    "fbeta_weighted_4": 0.4830541142394113
}{'C': 1.0, 'class_weight': None, 'dual': False, 'fit_intercept': True, 'intercept_scaling': 1, 'l1_ratio': None, 'max_iter': 100, 'multi_class': 'multinomial', 'n_jobs': None, 'penalty': 'l2', 'random_state': 0, 'solver': 'saga', 'tol': 0.0001, 'verbose': 0, 'warm_start': False}