{
    "accuracy": 0.5114546073922671,
    "precision_micro": 0.5114546073922671,
    "recall_micro": 0.5114546073922671,
    "f1_micro": 0.5114546073922671,
    "fbeta_micro_0.5": 0.5114546073922671,
    "fbeta_micro_2": 0.5114546073922671,
    "fbeta_micro_3": 0.5114546073922672,
    "fbeta_micro_4": 0.5114546073922671,
    "precision_macro": 0.3679129481188584,
    "recall_macro": 0.35418868048877483,
    "f1_macro": 0.32481538615680516,
    "fbeta_macro_0.5": 0.3141767933626827,
    "fbeta_macro_2": 0.34103244045883147,
    "fbeta_macro_3": 0.3473584345216422,
    "fbeta_macro_4": 0.3501071784032945,
    "precision_weighted": 0.4868732313397669,
    "recall_weighted": 0.5114546073922671,
    "f1_weighted": 0.48136768638263394,
    "fbeta_weighted_0.5": 0.46772703625615736,
    "fbeta_weighted_2": 0.4984165524940755,
    "fbeta_weighted_3": 0.5047523233963547,
    "fbeta_weighted_4": 0.5074656838498384
}{'C': 1.0, 'class_weight': None, 'dual': False, 'fit_intercept': True, 'intercept_scaling': 1, 'l1_ratio': None, 'max_iter': 100, 'multi_class': 'multinomial', 'n_jobs': None, 'penalty': 'l2', 'random_state': 0, 'solver': 'saga', 'tol': 0.0001, 'verbose': 0, 'warm_start': False}