{
    "accuracy": 0.5081512831532864,
    "precision_micro": 0.5081512831532864,
    "recall_micro": 0.5081512831532864,
    "f1_micro": 0.5081512831532864,
    "fbeta_micro_0.5": 0.5081512831532864,
    "fbeta_micro_2": 0.5081512831532864,
    "fbeta_micro_3": 0.5081512831532864,
    "fbeta_micro_4": 0.5081512831532864,
    "precision_macro": 0.3888779701717069,
    "recall_macro": 0.34133871751816147,
    "f1_macro": 0.27856620271793314,
    "fbeta_macro_0.5": 0.2877938355150702,
    "fbeta_macro_2": 0.3067087351161211,
    "fbeta_macro_3": 0.3222747963404478,
    "fbeta_macro_4": 0.3296728096194627,
    "precision_weighted": 0.4275824527036261,
    "recall_weighted": 0.5081512831532864,
    "f1_weighted": 0.3916259549371875,
    "fbeta_weighted_0.5": 0.3722992739297078,
    "fbeta_weighted_2": 0.44883538930862527,
    "fbeta_weighted_3": 0.4759881648550491,
    "fbeta_weighted_4": 0.4885738963012133
}{'activation': 'relu', 'alpha': 0.0001, 'batch_size': 200, 'beta_1': 0.9, 'beta_2': 0.999, 'early_stopping': False, 'epsilon': 1e-08, 'hidden_layer_sizes': (20,), 'learning_rate': 'constant', 'learning_rate_init': 0.001, 'max_fun': 15000, 'max_iter': 200, 'momentum': 0.9, 'n_iter_no_change': 10, 'nesterovs_momentum': True, 'power_t': 0.5, 'random_state': None, 'shuffle': True, 'solver': 'adam', 'tol': 0.0001, 'validation_fraction': 0.1, 'verbose': False, 'warm_start': False}{'hidden_layer_sizes': (20,), 'batch_size': 200}