{
    "accuracy": 0.5087704601577808,
    "precision_micro": 0.5087704601577808,
    "recall_micro": 0.5087704601577808,
    "f1_micro": 0.5087704601577808,
    "fbeta_micro_0.5": 0.5087704601577808,
    "fbeta_micro_2": 0.5087704601577808,
    "fbeta_micro_3": 0.5087704601577809,
    "fbeta_micro_4": 0.5087704601577808,
    "precision_macro": 0.35521620391885594,
    "recall_macro": 0.36846901875547955,
    "f1_macro": 0.3432537146011237,
    "fbeta_macro_0.5": 0.346972474680761,
    "fbeta_macro_2": 0.35221446161229514,
    "fbeta_macro_3": 0.35903540342682855,
    "fbeta_macro_4": 0.3625693232919241,
    "precision_weighted": 0.6437488384183008,
    "recall_weighted": 0.5087704601577808,
    "f1_weighted": 0.5592811117364598,
    "fbeta_weighted_0.5": 0.605527955245718,
    "fbeta_weighted_2": 0.5249048065739702,
    "fbeta_weighted_3": 0.5161022361901081,
    "fbeta_weighted_4": 0.512896442142593
}{'ccp_alpha': 0.0, 'class_weight': None, 'criterion': 'gini', 'max_depth': None, 'max_features': None, 'max_leaf_nodes': None, 'min_impurity_decrease': 0.0, 'min_samples_leaf': 1, 'min_samples_split': 2, 'min_weight_fraction_leaf': 0.0, 'random_state': 0, 'splitter': 'best'}