{
    "accuracy": 0.4876328498896408,
    "precision_micro": 0.4876328498896408,
    "recall_micro": 0.4876328498896408,
    "f1_micro": 0.4876328498896408,
    "fbeta_micro_0.5": 0.48763284988964073,
    "fbeta_micro_2": 0.48763284988964073,
    "fbeta_micro_3": 0.48763284988964073,
    "fbeta_micro_4": 0.4876328498896408,
    "precision_macro": 0.4003058539784581,
    "recall_macro": 0.35352756685109105,
    "f1_macro": 0.32222277492855705,
    "fbeta_macro_0.5": 0.3300327188949912,
    "fbeta_macro_2": 0.33621619621053406,
    "fbeta_macro_3": 0.34406865333161946,
    "fbeta_macro_4": 0.34776364527385645,
    "precision_weighted": 0.43641701658093446,
    "recall_weighted": 0.4876328498896408,
    "f1_weighted": 0.4196585835413676,
    "fbeta_weighted_0.5": 0.4045734055737145,
    "fbeta_weighted_2": 0.4545303972515323,
    "fbeta_weighted_3": 0.4700015871161787,
    "fbeta_weighted_4": 0.47698711666623284
}{'bootstrap': True, 'ccp_alpha': 0.0, 'class_weight': None, 'criterion': 'gini', 'max_depth': None, 'max_features': 'sqrt', 'max_leaf_nodes': None, 'max_samples': None, 'min_impurity_decrease': 0.0, 'min_samples_leaf': 10, 'min_samples_split': 2, 'min_weight_fraction_leaf': 0.0, 'n_estimators': 100, 'n_jobs': None, 'oob_score': False, 'random_state': None, 'verbose': 0, 'warm_start': False}{'n_estimators': 100, 'min_samples_leaf': 10}