{
    "accuracy": 0.5095019101150936,
    "precision_micro": 0.5095019101150936,
    "recall_micro": 0.5095019101150936,
    "f1_micro": 0.5095019101150936,
    "fbeta_micro_0.5": 0.5095019101150936,
    "fbeta_micro_2": 0.5095019101150936,
    "fbeta_micro_3": 0.5095019101150936,
    "fbeta_micro_4": 0.5095019101150936,
    "precision_macro": 0.4032268860516801,
    "recall_macro": 0.33596191782452295,
    "f1_macro": 0.24022255905183768,
    "fbeta_macro_0.5": 0.22431586984840843,
    "fbeta_macro_2": 0.2869610645997703,
    "fbeta_macro_3": 0.30921380696883355,
    "fbeta_macro_4": 0.319622946572177,
    "precision_weighted": 0.43138185621297737,
    "recall_weighted": 0.5095019101150936,
    "f1_weighted": 0.35648994058729694,
    "fbeta_weighted_0.5": 0.31628729963068897,
    "fbeta_weighted_2": 0.4327173095959686,
    "fbeta_weighted_3": 0.4677399748400501,
    "fbeta_weighted_4": 0.48402431788859007
}{'C': 1.0, 'class_weight': None, 'dual': False, 'fit_intercept': True, 'intercept_scaling': 1, 'l1_ratio': None, 'max_iter': 100, 'multi_class': 'multinomial', 'n_jobs': None, 'penalty': 'l2', 'random_state': 0, 'solver': 'saga', 'tol': 0.0001, 'verbose': 0, 'warm_start': False}