{
    "accuracy": 0.4149877119984427,
    "precision_micro": 0.4149877119984427,
    "recall_micro": 0.4149877119984427,
    "f1_micro": 0.4149877119984427,
    "fbeta_micro_0.5": 0.4149877119984427,
    "fbeta_micro_2": 0.4149877119984427,
    "fbeta_micro_3": 0.4149877119984427,
    "fbeta_micro_4": 0.4149877119984427,
    "precision_macro": 0.36877042581233965,
    "recall_macro": 0.3681417114125151,
    "f1_macro": 0.367923194376659,
    "fbeta_macro_0.5": 0.3683007061509711,
    "fbeta_macro_2": 0.3679286266926259,
    "fbeta_macro_3": 0.36801431932420287,
    "fbeta_macro_4": 0.3680617294970976,
    "precision_weighted": 0.4143110650852655,
    "recall_weighted": 0.4149877119984427,
    "f1_weighted": 0.41426365017471534,
    "fbeta_weighted_0.5": 0.41419847311150443,
    "fbeta_weighted_2": 0.41460605298618064,
    "fbeta_weighted_3": 0.41478152691946324,
    "fbeta_weighted_4": 0.414862703374779
}{'ccp_alpha': 0.0, 'class_weight': None, 'criterion': 'gini', 'max_depth': None, 'max_features': None, 'max_leaf_nodes': None, 'min_impurity_decrease': 0.0, 'min_samples_leaf': 1, 'min_samples_split': 2, 'min_weight_fraction_leaf': 0.0, 'random_state': 0, 'splitter': 'best'}