{
    "accuracy": 0.5867740149622303,
    "precision_micro": 0.5867740149622303,
    "recall_micro": 0.5867740149622303,
    "f1_micro": 0.5867740149622303,
    "fbeta_micro_0.5": 0.5867740149622303,
    "fbeta_micro_2": 0.5867740149622303,
    "fbeta_micro_3": 0.5867740149622301,
    "fbeta_micro_4": 0.5867740149622303,
    "precision_macro": 0.39242086357299666,
    "recall_macro": 0.3540237497675713,
    "f1_macro": 0.3332662825092712,
    "fbeta_macro_0.5": 0.3416083558514347,
    "fbeta_macro_2": 0.3424487326821326,
    "fbeta_macro_3": 0.34774391908610375,
    "fbeta_macro_4": 0.3502118386987256,
    "precision_weighted": 0.506243500436642,
    "recall_weighted": 0.5867740149622303,
    "f1_weighted": 0.5194420812101396,
    "fbeta_weighted_0.5": 0.4969339470804667,
    "fbeta_weighted_2": 0.5559599821791461,
    "fbeta_weighted_3": 0.5706988485242556,
    "fbeta_weighted_4": 0.5771522245332844
}{'bootstrap': True, 'ccp_alpha': 0.0, 'class_weight': None, 'criterion': 'gini', 'max_depth': None, 'max_features': 'sqrt', 'max_leaf_nodes': None, 'max_samples': None, 'min_impurity_decrease': 0.0, 'min_samples_leaf': 10, 'min_samples_split': 2, 'min_weight_fraction_leaf': 0.0, 'n_estimators': 100, 'n_jobs': None, 'oob_score': False, 'random_state': None, 'verbose': 0, 'warm_start': False}{'n_estimators': 100, 'min_samples_leaf': 10}