{
    "accuracy": 0.6077222299113484,
    "precision_micro": 0.6077222299113484,
    "recall_micro": 0.6077222299113484,
    "f1_micro": 0.6077222299113484,
    "fbeta_micro_0.5": 0.6077222299113484,
    "fbeta_micro_2": 0.6077222299113484,
    "fbeta_micro_3": 0.6077222299113484,
    "fbeta_micro_4": 0.6077222299113484,
    "precision_macro": 0.37562113366931205,
    "recall_macro": 0.34261333373620234,
    "f1_macro": 0.3037008795915557,
    "fbeta_macro_0.5": 0.30616708582775903,
    "fbeta_macro_2": 0.32239948579156785,
    "fbeta_macro_3": 0.3317490423194085,
    "fbeta_macro_4": 0.3360362648207302,
    "precision_weighted": 0.4945735143549306,
    "recall_weighted": 0.6077222299113484,
    "f1_weighted": 0.5102104218067488,
    "fbeta_weighted_0.5": 0.47818609609408946,
    "fbeta_weighted_2": 0.5623085402237867,
    "fbeta_weighted_3": 0.5838485479210245,
    "fbeta_weighted_4": 0.5933836265631145
}{'C': 1.0, 'class_weight': None, 'dual': False, 'fit_intercept': True, 'intercept_scaling': 1, 'l1_ratio': None, 'max_iter': 100, 'multi_class': 'multinomial', 'n_jobs': None, 'penalty': 'l2', 'random_state': 0, 'solver': 'saga', 'tol': 0.0001, 'verbose': 0, 'warm_start': False}