{
    "accuracy": 0.48086843321896977,
    "precision_micro": 0.48086843321896977,
    "recall_micro": 0.48086843321896977,
    "f1_micro": 0.48086843321896977,
    "fbeta_micro_0.5": 0.48086843321896977,
    "fbeta_micro_2": 0.48086843321896977,
    "fbeta_micro_3": 0.4808684332189697,
    "fbeta_micro_4": 0.48086843321896977,
    "precision_macro": 0.3628264655635409,
    "recall_macro": 0.37932144545453256,
    "f1_macro": 0.348875690237256,
    "fbeta_macro_0.5": 0.35294893189727294,
    "fbeta_macro_2": 0.3599092333739213,
    "fbeta_macro_3": 0.36808306196973956,
    "fbeta_macro_4": 0.3722987699280927,
    "precision_weighted": 0.6218870571453771,
    "recall_weighted": 0.48086843321896977,
    "f1_weighted": 0.5297243898953521,
    "fbeta_weighted_0.5": 0.5792070119909055,
    "fbeta_weighted_2": 0.49529667573734426,
    "fbeta_weighted_3": 0.48715283779897134,
    "fbeta_weighted_4": 0.4843277891342462
}{'ccp_alpha': 0.0, 'class_weight': None, 'criterion': 'gini', 'max_depth': None, 'max_features': None, 'max_leaf_nodes': None, 'min_impurity_decrease': 0.0, 'min_samples_leaf': 1, 'min_samples_split': 2, 'min_weight_fraction_leaf': 0.0, 'random_state': 0, 'splitter': 'best'}