{
    "accuracy": 0.07845700652909715,
    "precision": 0.07837098547293228,
    "recall": 1.0,
    "f1": 0.1453506938311434,
    "roc_auc": 0.5000506359602905,
    "fbeta_0.5": 0.09608123654283537,
    "fbeta_2": 0.29833248421773406,
    "fbeta_3": 0.45956253555110593,
    "fbeta_4": 0.5911023606844175
}{'alpha': 10.0, 'class_prior': None, 'fit_prior': True, 'force_alpha': True, 'norm': True}