{
    "accuracy": 0.5470182380324784,
    "precision": 0.12044187785520834,
    "recall": 0.5603730557829494,
    "f1": 0.19826939687498385,
    "roc_auc": 0.5529540907906315,
    "precision_recall_auc": 0.3623787289867776,
    "fbeta_0.5": 0.1428752459896237,
    "fbeta_2": 0.3238161206940245,
    "fbeta_3": 0.41045023823545157,
    "fbeta_4": 0.4612650286026531
}{'bootstrap': True, 'ccp_alpha': 0.0, 'class_weight': None, 'criterion': 'gini', 'max_depth': None, 'max_features': 'sqrt', 'max_leaf_nodes': None, 'max_samples': None, 'min_impurity_decrease': 0.0, 'min_samples_leaf': 10, 'min_samples_split': 2, 'min_weight_fraction_leaf': 0.0, 'n_estimators': 100, 'n_jobs': None, 'oob_score': False, 'random_state': None, 'verbose': 0, 'warm_start': False}