{
    "accuracy": 0.539984278062052,
    "precision": 0.3636536774550995,
    "recall": 0.5719641268630975,
    "f1": 0.44461928181824595,
    "roc_auc": 0.5483823461523921,
    "precision_recall_auc": 0.5367092724136595,
    "fbeta_0.5": 0.3922233813961712,
    "fbeta_2": 0.5131723827890856,
    "fbeta_3": 0.5409756122689021,
    "fbeta_4": 0.5533196482513812
}{'bootstrap': True, 'ccp_alpha': 0.0, 'class_weight': None, 'criterion': 'gini', 'max_depth': None, 'max_features': 'sqrt', 'max_leaf_nodes': None, 'max_samples': None, 'min_impurity_decrease': 0.0, 'min_samples_leaf': 5, 'min_samples_split': 2, 'min_weight_fraction_leaf': 0.0, 'n_estimators': 100, 'n_jobs': None, 'oob_score': False, 'random_state': None, 'verbose': 0, 'warm_start': False}