{
    "accuracy": 0.47037437148059086,
    "precision": 0.10020576417756892,
    "recall": 0.5778790389395194,
    "f1": 0.17079518795567106,
    "roc_auc": 0.5185243462424057,
    "precision_recall_auc": 0.3589639363535931,
    "fbeta_0.5": 0.12005283490701699,
    "fbeta_2": 0.2958347129147979,
    "fbeta_3": 0.39133338400894785,
    "fbeta_4": 0.45132438581477374
}{'alpha': 0.2, 'class_prior': None, 'fit_prior': True, 'force_alpha': True, 'norm': False}