{
    "accuracy": 0.48020427945015076,
    "precision": 0.07596293680142935,
    "recall": 0.5824731006608772,
    "f1": 0.13439837680988953,
    "roc_auc": 0.5275324460952929,
    "precision_recall_auc": 0.3436809810985044,
    "fbeta_0.5": 0.09195558562603148,
    "fbeta_2": 0.24960581574880186,
    "fbeta_3": 0.34945885678614946,
    "fbeta_4": 0.4183750902400723
}{'alpha': 0.2, 'class_prior': None, 'fit_prior': False, 'force_alpha': True}