{
    "accuracy": 0.5595801398903051,
    "precision": 0.0893663345941028,
    "recall": 0.5027482918742304,
    "f1": 0.15175700805171363,
    "roc_auc": 0.5335803273561812,
    "precision_recall_auc": 0.3155405477765149,
    "fbeta_0.5": 0.10695495705263086,
    "fbeta_2": 0.26114891980469535,
    "fbeta_3": 0.3437430359722126,
    "fbeta_4": 0.3952112766207649
}{'activation': 'relu', 'alpha': 0.0001, 'batch_size': 200, 'beta_1': 0.9, 'beta_2': 0.999, 'early_stopping': False, 'epsilon': 1e-08, 'hidden_layer_sizes': (20,), 'learning_rate': 'constant', 'learning_rate_init': 0.001, 'max_fun': 15000, 'max_iter': 200, 'momentum': 0.9, 'n_iter_no_change': 10, 'nesterovs_momentum': True, 'power_t': 0.5, 'random_state': None, 'shuffle': True, 'solver': 'adam', 'tol': 0.0001, 'validation_fraction': 0.1, 'verbose': False, 'warm_start': False}