{
    "accuracy": 0.5285062285934472,
    "precision": 0.08733885776852184,
    "recall": 0.5308911225746223,
    "f1": 0.15000056845958823,
    "roc_auc": 0.529597285783894,
    "precision_recall_auc": 0.3274955369558672,
    "fbeta_0.5": 0.10486081240424822,
    "fbeta_2": 0.2633774824389726,
    "fbeta_3": 0.35208433628195784,
    "fbeta_4": 0.40877506647639567
}{'C': 1.0, 'class_weight': None, 'dual': False, 'fit_intercept': True, 'intercept_scaling': 1, 'l1_ratio': None, 'max_iter': 100, 'multi_class': 'auto', 'n_jobs': None, 'penalty': 'l2', 'random_state': 0, 'solver': 'saga', 'tol': 0.0001, 'verbose': 0, 'warm_start': False}