{
    "accuracy": 0.4766745434582584,
    "precision": 0.08437275048215524,
    "recall": 0.5763365229077975,
    "f1": 0.14719665547165003,
    "roc_auc": 0.5222685699226947,
    "precision_recall_auc": 0.34695454928718494,
    "fbeta_0.5": 0.10174229868407705,
    "fbeta_2": 0.2660627761773598,
    "fbeta_3": 0.36405940855787433,
    "fbeta_4": 0.4291441790917458
}{'alpha': 0.2, 'class_prior': None, 'fit_prior': True, 'force_alpha': True, 'norm': False}