{
    "accuracy": 0.5323867922232767,
    "precision": 0.3835362848453521,
    "recall": 0.5549545162019724,
    "f1": 0.45359036692682786,
    "roc_auc": 0.5376016792619386,
    "precision_recall_auc": 0.5470704242480218,
    "fbeta_0.5": 0.40879028517689986,
    "fbeta_2": 0.5094184780352599,
    "fbeta_3": 0.5312124350261228,
    "fbeta_4": 0.5407381487163997
}{'bootstrap': True, 'ccp_alpha': 0.0, 'class_weight': None, 'criterion': 'gini', 'max_depth': None, 'max_features': 'sqrt', 'max_leaf_nodes': None, 'max_samples': None, 'min_impurity_decrease': 0.0, 'min_samples_leaf': 10, 'min_samples_split': 2, 'min_weight_fraction_leaf': 0.0, 'n_estimators': 100, 'n_jobs': None, 'oob_score': False, 'random_state': None, 'verbose': 0, 'warm_start': False}