{
    "accuracy": 0.5394189356887364,
    "precision": 0.24097207310757726,
    "recall": 0.5498141156805672,
    "f1": 0.33508386756827957,
    "roc_auc": 0.5432258821044849,
    "precision_recall_auc": 0.44290568655408386,
    "fbeta_0.5": 0.2714701621876983,
    "fbeta_2": 0.43763505484775217,
    "fbeta_3": 0.48735253996556493,
    "fbeta_4": 0.5112689267050783
}{'bootstrap': True, 'ccp_alpha': 0.0, 'class_weight': None, 'criterion': 'gini', 'max_depth': None, 'max_features': 'sqrt', 'max_leaf_nodes': None, 'max_samples': None, 'min_impurity_decrease': 0.0, 'min_samples_leaf': 10, 'min_samples_split': 2, 'min_weight_fraction_leaf': 0.0, 'n_estimators': 100, 'n_jobs': None, 'oob_score': False, 'random_state': None, 'verbose': 0, 'warm_start': False}