{
    "accuracy": 0.5186427701002638,
    "precision": 0.1567859032039724,
    "recall": 0.6259651194477246,
    "f1": 0.2507630237117294,
    "roc_auc": 0.564378617558388,
    "precision_recall_auc": 0.41544205778885085,
    "fbeta_0.5": 0.1844335784864738,
    "fbeta_2": 0.39159613248209296,
    "fbeta_3": 0.4817902005988076,
    "fbeta_4": 0.5322703941098764
}{'bootstrap': True, 'ccp_alpha': 0.0, 'class_weight': None, 'criterion': 'gini', 'max_depth': None, 'max_features': 'sqrt', 'max_leaf_nodes': None, 'max_samples': None, 'min_impurity_decrease': 0.0, 'min_samples_leaf': 10, 'min_samples_split': 2, 'min_weight_fraction_leaf': 0.0, 'n_estimators': 100, 'n_jobs': None, 'oob_score': False, 'random_state': None, 'verbose': 0, 'warm_start': False}