{
    "accuracy": 0.4767487733673878,
    "precision": 0.11465754372150189,
    "recall": 0.6300432697930066,
    "f1": 0.19400868762800746,
    "roc_auc": 0.5448840018983507,
    "precision_recall_auc": 0.39083975645932645,
    "fbeta_0.5": 0.13708511872652696,
    "fbeta_2": 0.3317763196383869,
    "fbeta_3": 0.43466246593799346,
    "fbeta_4": 0.49828961596267757
}{'bootstrap': True, 'ccp_alpha': 0.0, 'class_weight': None, 'criterion': 'gini', 'max_depth': None, 'max_features': 'sqrt', 'max_leaf_nodes': None, 'max_samples': None, 'min_impurity_decrease': 0.0, 'min_samples_leaf': 10, 'min_samples_split': 2, 'min_weight_fraction_leaf': 0.0, 'n_estimators': 100, 'n_jobs': None, 'oob_score': False, 'random_state': None, 'verbose': 0, 'warm_start': False}