{
    "accuracy": 0.47660265870244334,
    "precision": 0.20277967414230547,
    "recall": 0.6375766895734217,
    "f1": 0.3076970650421903,
    "roc_auc": 0.5391300540478897,
    "precision_recall_auc": 0.45323662480154814,
    "fbeta_0.5": 0.23480482092607563,
    "fbeta_2": 0.4462207672817777,
    "fbeta_3": 0.5250057708161583,
    "fbeta_4": 0.5661669096002557
}{'bootstrap': True, 'ccp_alpha': 0.0, 'class_weight': None, 'criterion': 'gini', 'max_depth': None, 'max_features': 'sqrt', 'max_leaf_nodes': None, 'max_samples': None, 'min_impurity_decrease': 0.0, 'min_samples_leaf': 5, 'min_samples_split': 2, 'min_weight_fraction_leaf': 0.0, 'n_estimators': 100, 'n_jobs': None, 'oob_score': False, 'random_state': None, 'verbose': 0, 'warm_start': False}