{
    "accuracy": 0.5431600846777137,
    "precision": 0.39073554601196536,
    "recall": 0.5475449185118189,
    "f1": 0.4560369117551192,
    "roc_auc": 0.5441733199135641,
    "precision_recall_auc": 0.5482609710019462,
    "fbeta_0.5": 0.4144755725371751,
    "fbeta_2": 0.5068622841649009,
    "fbeta_3": 0.5264187637854659,
    "fbeta_4": 0.5349171476149829
}{'bootstrap': True, 'ccp_alpha': 0.0, 'class_weight': None, 'criterion': 'gini', 'max_depth': None, 'max_features': 'sqrt', 'max_leaf_nodes': None, 'max_samples': None, 'min_impurity_decrease': 0.0, 'min_samples_leaf': 10, 'min_samples_split': 2, 'min_weight_fraction_leaf': 0.0, 'n_estimators': 100, 'n_jobs': None, 'oob_score': False, 'random_state': None, 'verbose': 0, 'warm_start': False}