{
    "accuracy": 0.541554128038543,
    "precision": 0.3821706448635105,
    "recall": 0.5040613639921382,
    "f1": 0.4347336918611192,
    "roc_auc": 0.5328904041533262,
    "precision_recall_auc": 0.5298407045275884,
    "fbeta_0.5": 0.40159306898587355,
    "fbeta_2": 0.47383601153687677,
    "fbeta_3": 0.4884815774347806,
    "fbeta_4": 0.4947786421456678
}{'bootstrap': True, 'ccp_alpha': 0.0, 'class_weight': None, 'criterion': 'gini', 'max_depth': None, 'max_features': 'sqrt', 'max_leaf_nodes': None, 'max_samples': None, 'min_impurity_decrease': 0.0, 'min_samples_leaf': 10, 'min_samples_split': 2, 'min_weight_fraction_leaf': 0.0, 'n_estimators': 100, 'n_jobs': None, 'oob_score': False, 'random_state': None, 'verbose': 0, 'warm_start': False}