{
    "accuracy": 0.47921100909331127,
    "precision": 0.13780039358619178,
    "recall": 0.5908040033609936,
    "f1": 0.22347662060937057,
    "roc_auc": 0.5269019944578813,
    "precision_recall_auc": 0.390253987968387,
    "fbeta_0.5": 0.16275987627789426,
    "fbeta_2": 0.35644757689799506,
    "fbeta_3": 0.4446351102672922,
    "fbeta_4": 0.4950695062742269
}{'alpha': 0.2, 'class_prior': None, 'fit_prior': False, 'force_alpha': True}