{
    "accuracy": 0.47213324832200376,
    "precision": 0.08679102210617363,
    "recall": 0.6024110929590614,
    "f1": 0.1517229078180217,
    "roc_auc": 0.5317336248037815,
    "precision_recall_auc": 0.3601793206149341,
    "fbeta_0.5": 0.10471705899716156,
    "fbeta_2": 0.27530139535567966,
    "fbeta_3": 0.3779019136159289,
    "fbeta_4": 0.4464067090013464
}{'alpha': 0.2, 'class_prior': None, 'fit_prior': True, 'force_alpha': True, 'norm': False}