{
    "accuracy": 0.48025788451702783,
    "precision": 0.0948482564514019,
    "recall": 0.6592922846634851,
    "f1": 0.16583838232525563,
    "roc_auc": 0.5621637349065948,
    "precision_recall_auc": 0.39041982415336596,
    "fbeta_0.5": 0.11444422682708016,
    "fbeta_2": 0.30101861970085897,
    "fbeta_3": 0.41332291991455344,
    "fbeta_4": 0.48834291593133067
}{'bootstrap': True, 'ccp_alpha': 0.0, 'class_weight': None, 'criterion': 'gini', 'max_depth': None, 'max_features': 'sqrt', 'max_leaf_nodes': None, 'max_samples': None, 'min_impurity_decrease': 0.0, 'min_samples_leaf': 10, 'min_samples_split': 2, 'min_weight_fraction_leaf': 0.0, 'n_estimators': 100, 'n_jobs': None, 'oob_score': False, 'random_state': None, 'verbose': 0, 'warm_start': False}