{
    "accuracy": 0.45963506931765796,
    "precision": 0.25070726923449455,
    "recall": 0.6851451023643759,
    "f1": 0.36708964545272565,
    "roc_auc": 0.5389529972343419,
    "precision_recall_auc": 0.503933024544673,
    "fbeta_0.5": 0.28711858586311434,
    "fbeta_2": 0.5088077168163627,
    "fbeta_3": 0.5839545912059355,
    "fbeta_4": 0.6217669698389858
}{'C': 1.0, 'class_weight': None, 'dual': False, 'fit_intercept': True, 'intercept_scaling': 1, 'l1_ratio': None, 'max_iter': 100, 'multi_class': 'auto', 'n_jobs': None, 'penalty': 'l2', 'random_state': 0, 'solver': 'saga', 'tol': 0.0001, 'verbose': 0, 'warm_start': False}