{
    "accuracy": 0.4658570409624695,
    "precision": 0.12595826452757417,
    "recall": 0.5890200702112178,
    "f1": 0.20753620693365468,
    "roc_auc": 0.5191408089383904,
    "precision_recall_auc": 0.3818898784879067,
    "fbeta_0.5": 0.14945768258522737,
    "fbeta_2": 0.3394415218889679,
    "fbeta_3": 0.43068635419453777,
    "fbeta_4": 0.48429050001515495
}{'alpha': 0, 'class_prior': None, 'fit_prior': True, 'force_alpha': True}