{
    "accuracy": 0.4900846392473596,
    "precision": 0.2552231841413271,
    "recall": 0.6409485076170125,
    "f1": 0.3650749526883241,
    "roc_auc": 0.5431475086678843,
    "precision_recall_auc": 0.48914701178306785,
    "fbeta_0.5": 0.29014529981739234,
    "fbeta_2": 0.4921797420701717,
    "fbeta_3": 0.5567981757515803,
    "fbeta_4": 0.5886193611619408
}{'activation': 'relu', 'alpha': 0.0001, 'batch_size': 200, 'beta_1': 0.9, 'beta_2': 0.999, 'early_stopping': False, 'epsilon': 1e-08, 'hidden_layer_sizes': (20,), 'learning_rate': 'constant', 'learning_rate_init': 0.001, 'max_fun': 15000, 'max_iter': 200, 'momentum': 0.9, 'n_iter_no_change': 10, 'nesterovs_momentum': True, 'power_t': 0.5, 'random_state': None, 'shuffle': True, 'solver': 'adam', 'tol': 0.0001, 'validation_fraction': 0.1, 'verbose': False, 'warm_start': False}