{
    "accuracy": 0.4919198244780916,
    "precision": 0.12859860357276498,
    "recall": 0.567643356754776,
    "f1": 0.20969188059760058,
    "roc_auc": 0.524679940470359,
    "precision_recall_auc": 0.37379087007157596,
    "fbeta_0.5": 0.15213194817883194,
    "fbeta_2": 0.3373179058965068,
    "fbeta_3": 0.42317008760267366,
    "fbeta_4": 0.4727100783220532
}{'C': 1.0, 'class_weight': None, 'dual': False, 'fit_intercept': True, 'intercept_scaling': 1, 'l1_ratio': None, 'max_iter': 100, 'multi_class': 'auto', 'n_jobs': None, 'penalty': 'l2', 'random_state': 0, 'solver': 'saga', 'tol': 0.0001, 'verbose': 0, 'warm_start': False}