{
    "accuracy": 0.49122169731299875,
    "precision": 0.14667775908298544,
    "recall": 0.6250105652534915,
    "f1": 0.23759630986615612,
    "roc_auc": 0.5483984312537266,
    "precision_recall_auc": 0.4096265230741263,
    "fbeta_0.5": 0.17318633708603232,
    "fbeta_2": 0.37828470250354185,
    "fbeta_3": 0.4713107762723823,
    "fbeta_4": 0.5244124248062274
}{'bootstrap': True, 'ccp_alpha': 0.0, 'class_weight': None, 'criterion': 'gini', 'max_depth': None, 'max_features': 'sqrt', 'max_leaf_nodes': None, 'max_samples': None, 'min_impurity_decrease': 0.0, 'min_samples_leaf': 10, 'min_samples_split': 2, 'min_weight_fraction_leaf': 0.0, 'n_estimators': 100, 'n_jobs': None, 'oob_score': False, 'random_state': None, 'verbose': 0, 'warm_start': False}