{
    "accuracy": 0.5391920832756649,
    "precision": 0.25750471510260514,
    "recall": 0.5529612985986172,
    "f1": 0.3513784396908604,
    "roc_auc": 0.5440696202213228,
    "precision_recall_auc": 0.4556868271727289,
    "fbeta_0.5": 0.28831503609669423,
    "fbeta_2": 0.44975339977584183,
    "fbeta_3": 0.4960458331614445,
    "fbeta_4": 0.5179998666281371
}{'activation': 'relu', 'alpha': 0.0001, 'batch_size': 200, 'beta_1': 0.9, 'beta_2': 0.999, 'early_stopping': False, 'epsilon': 1e-08, 'hidden_layer_sizes': (20,), 'learning_rate': 'constant', 'learning_rate_init': 0.001, 'max_fun': 15000, 'max_iter': 200, 'momentum': 0.9, 'n_iter_no_change': 10, 'nesterovs_momentum': True, 'power_t': 0.5, 'random_state': None, 'shuffle': True, 'solver': 'adam', 'tol': 0.0001, 'validation_fraction': 0.1, 'verbose': False, 'warm_start': False}{'hidden_layer_sizes': (20,), 'batch_size': 200}