{
    "accuracy": 0.48406209699004793,
    "precision": 0.22586891594735634,
    "recall": 0.5950027378310614,
    "f1": 0.3274388213090575,
    "roc_auc": 0.5246910303363143,
    "precision_recall_auc": 0.45317921448441045,
    "fbeta_0.5": 0.2578641960197538,
    "fbeta_2": 0.44843029847569316,
    "fbeta_3": 0.5114219044929624,
    "fbeta_4": 0.5428191855438754
}{'alpha': 100, 'class_prior': None, 'fit_prior': True, 'force_alpha': True}{'force_alpha': True, 'fit_prior': True, 'alpha': 100}