{
    "accuracy": 0.5369430858700148,
    "precision": 0.38478476001979217,
    "recall": 0.5410397787556745,
    "f1": 0.44972638488285516,
    "roc_auc": 0.537889738294999,
    "precision_recall_auc": 0.5431705607472,
    "fbeta_0.5": 0.40837278425009127,
    "fbeta_2": 0.5003989549953026,
    "fbeta_3": 0.5199263886126326,
    "fbeta_4": 0.5284173121967207
}{'C': 1.0, 'class_weight': None, 'dual': False, 'fit_intercept': True, 'intercept_scaling': 1, 'l1_ratio': None, 'max_iter': 100, 'multi_class': 'auto', 'n_jobs': None, 'penalty': 'l2', 'random_state': 0, 'solver': 'saga', 'tol': 0.0001, 'verbose': 0, 'warm_start': False}