{
    "accuracy": 0.5609689027455037,
    "precision": 0.7107106516129704,
    "recall": 0.5646587165379967,
    "f1": 0.629321942946586,
    "roc_auc": 0.5592322454081059,
    "precision_recall_auc": 0.7813510496521558,
    "fbeta_0.5": 0.675753229068018,
    "fbeta_2": 0.5888610543774325,
    "fbeta_3": 0.576505987270764,
    "fbeta_4": 0.5715680074942954
}{'bootstrap': True, 'ccp_alpha': 0.0, 'class_weight': None, 'criterion': 'gini', 'max_depth': None, 'max_features': 'sqrt', 'max_leaf_nodes': None, 'max_samples': None, 'min_impurity_decrease': 0.0, 'min_samples_leaf': 10, 'min_samples_split': 2, 'min_weight_fraction_leaf': 0.0, 'n_estimators': 100, 'n_jobs': None, 'oob_score': False, 'random_state': None, 'verbose': 0, 'warm_start': False}{'n_estimators': 100, 'min_samples_leaf': 10}