{
    "accuracy": 0.4053398058252427,
    "precision": 0.2619684306707015,
    "recall": 0.7628893662728249,
    "f1": 0.3900110447593553,
    "roc_auc": 0.524779852957517,
    "precision_recall_auc": 0.5419718091465083,
    "fbeta_0.5": 0.30157140210292277,
    "fbeta_2": 0.5518472606295625,
    "fbeta_3": 0.6404300273173091,
    "fbeta_4": 0.6857562180770526
}{'bootstrap': True, 'ccp_alpha': 0.0, 'class_weight': None, 'criterion': 'gini', 'max_depth': None, 'max_features': 'sqrt', 'max_leaf_nodes': None, 'max_samples': None, 'min_impurity_decrease': 0.0, 'min_samples_leaf': 5, 'min_samples_split': 2, 'min_weight_fraction_leaf': 0.0, 'n_estimators': 100, 'n_jobs': None, 'oob_score': False, 'random_state': None, 'verbose': 0, 'warm_start': False}