{
    "accuracy": 0.5155685175498325,
    "precision": 0.14678660035572272,
    "recall": 0.6311712984387559,
    "f1": 0.23818124164173546,
    "roc_auc": 0.5654893484954622,
    "precision_recall_auc": 0.41110509310977916,
    "fbeta_0.5": 0.17340158586771057,
    "fbeta_2": 0.3802271326701294,
    "fbeta_3": 0.47456758018880885,
    "fbeta_4": 0.5285690631996487
}{'bootstrap': True, 'ccp_alpha': 0.0, 'class_weight': None, 'criterion': 'gini', 'max_depth': None, 'max_features': 'sqrt', 'max_leaf_nodes': None, 'max_samples': None, 'min_impurity_decrease': 0.0, 'min_samples_leaf': 5, 'min_samples_split': 2, 'min_weight_fraction_leaf': 0.0, 'n_estimators': 100, 'n_jobs': None, 'oob_score': False, 'random_state': None, 'verbose': 0, 'warm_start': False}