{
    "accuracy": 0.540825898532132,
    "precision": 0.3677707824167408,
    "recall": 0.5928144799665959,
    "f1": 0.4539312722419929,
    "roc_auc": 0.5544783597905651,
    "precision_recall_auc": 0.545836747592455,
    "fbeta_0.5": 0.39798751459515064,
    "fbeta_2": 0.5281750511935456,
    "fbeta_3": 0.5586311193835795,
    "fbeta_4": 0.5722175778797814
}{'bootstrap': True, 'ccp_alpha': 0.0, 'class_weight': None, 'criterion': 'gini', 'max_depth': None, 'max_features': 'sqrt', 'max_leaf_nodes': None, 'max_samples': None, 'min_impurity_decrease': 0.0, 'min_samples_leaf': 5, 'min_samples_split': 2, 'min_weight_fraction_leaf': 0.0, 'n_estimators': 100, 'n_jobs': None, 'oob_score': False, 'random_state': None, 'verbose': 0, 'warm_start': False}