{
    "accuracy": 0.5210741181249398,
    "precision": 0.15570148979322151,
    "recall": 0.6154055772549732,
    "f1": 0.2485246713467561,
    "roc_auc": 0.561273845875081,
    "precision_recall_auc": 0.4102995131790915,
    "fbeta_0.5": 0.18304874094888143,
    "fbeta_2": 0.3869272833706935,
    "fbeta_3": 0.4751260135875521,
    "fbeta_4": 0.5243408181173582
}{'bootstrap': True, 'ccp_alpha': 0.0, 'class_weight': None, 'criterion': 'gini', 'max_depth': None, 'max_features': 'sqrt', 'max_leaf_nodes': None, 'max_samples': None, 'min_impurity_decrease': 0.0, 'min_samples_leaf': 10, 'min_samples_split': 2, 'min_weight_fraction_leaf': 0.0, 'n_estimators': 100, 'n_jobs': None, 'oob_score': False, 'random_state': None, 'verbose': 0, 'warm_start': False}