{
    "accuracy": 0.4825641636884322,
    "precision": 0.2513242917917809,
    "recall": 0.6378768870200593,
    "f1": 0.36057972189122695,
    "roc_auc": 0.5371918147393714,
    "precision_recall_auc": 0.4860130261598242,
    "fbeta_0.5": 0.28598568526319873,
    "fbeta_2": 0.4878179413560774,
    "fbeta_3": 0.5528457305140532,
    "fbeta_4": 0.5849536209345064
}{'alpha': 0.2, 'class_prior': None, 'fit_prior': True, 'force_alpha': True, 'norm': False}{'norm': False, 'force_alpha': True, 'alpha': 0.2}