{
    "accuracy": 0.771622234372704,
    "precision": 0.6245984396512162,
    "recall": 0.003752671124284828,
    "f1": 0.007460518453956926,
    "roc_auc": 0.501541910919707,
    "precision_recall_auc": 0.42810650323254307,
    "fbeta_0.5": 0.018323007288814214,
    "fbeta_2": 0.0046838036753232715,
    "fbeta_3": 0.004166852914684528,
    "fbeta_4": 0.003985716399663116
}{'bootstrap': True, 'ccp_alpha': 0.0, 'class_weight': None, 'criterion': 'gini', 'max_depth': None, 'max_features': 'sqrt', 'max_leaf_nodes': None, 'max_samples': None, 'min_impurity_decrease': 0.0, 'min_samples_leaf': 5, 'min_samples_split': 2, 'min_weight_fraction_leaf': 0.0, 'n_estimators': 100, 'n_jobs': None, 'oob_score': False, 'random_state': None, 'verbose': 0, 'warm_start': False}{'n_estimators': 100, 'min_samples_leaf': 5}