{
    "accuracy": 0.47635858888760657,
    "precision": 0.07668127340691934,
    "recall": 0.5940065905656599,
    "f1": 0.13582825699836912,
    "roc_auc": 0.5308039629807897,
    "precision_recall_auc": 0.34940737894344526,
    "fbeta_0.5": 0.09285489455461125,
    "fbeta_2": 0.25284545095951383,
    "fbeta_3": 0.3547062695721988,
    "fbeta_4": 0.42524747560128046
}{'alpha': 0.2, 'class_prior': None, 'fit_prior': True, 'force_alpha': True, 'norm': False}{'norm': False, 'force_alpha': True, 'alpha': 0.2}