{
    "accuracy": 0.8731830247258101,
    "precision": 0.9361702127659575,
    "recall": 0.00021876289582411463,
    "f1": 0.00043742357514241117,
    "roc_auc": 0.5001082980555941,
    "precision_recall_auc": 0.5316020294962174,
    "fbeta_0.5": 0.001092793029967365,
    "fbeta_2": 0.00027343764565215497,
    "fbeta_3": 0.00024306357327759075,
    "fbeta_4": 0.00023243218216219727
}{'bootstrap': True, 'ccp_alpha': 0.0, 'class_weight': None, 'criterion': 'gini', 'max_depth': None, 'max_features': 'sqrt', 'max_leaf_nodes': None, 'max_samples': None, 'min_impurity_decrease': 0.0, 'min_samples_leaf': 5, 'min_samples_split': 2, 'min_weight_fraction_leaf': 0.0, 'n_estimators': 100, 'n_jobs': None, 'oob_score': False, 'random_state': None, 'verbose': 0, 'warm_start': False}{'n_estimators': 100, 'min_samples_leaf': 5}