{
    "accuracy": 0.8648001005268895,
    "precision": 0.14561908679555738,
    "recall": 0.07244766693953923,
    "f1": 0.09675718943402122,
    "roc_auc": 0.5126210243150161,
    "precision_recall_auc": 0.15538971546782826,
    "fbeta_0.5": 0.12114752816020023,
    "fbeta_2": 0.08054188633128133,
    "fbeta_3": 0.07628065617371549,
    "fbeta_4": 0.07465429458018258
}{'ccp_alpha': 0.0, 'class_weight': None, 'criterion': 'gini', 'max_depth': None, 'max_features': None, 'max_leaf_nodes': None, 'min_impurity_decrease': 0.0, 'min_samples_leaf': 1, 'min_samples_split': 2, 'min_weight_fraction_leaf': 0.0, 'random_state': 0, 'splitter': 'best'}