{
    "accuracy": 0.8809065688910247,
    "precision": 0.1381998189844659,
    "recall": 0.04999064596306492,
    "f1": 0.07342240452977572,
    "roc_auc": 0.5087498833828686,
    "precision_recall_auc": 0.1389298797618851,
    "fbeta_0.5": 0.10215059635632835,
    "fbeta_2": 0.0573060196595952,
    "fbeta_3": 0.053398955572953946,
    "fbeta_4": 0.0519407863438291
}{'ccp_alpha': 0.0, 'class_weight': None, 'criterion': 'gini', 'max_depth': None, 'max_features': None, 'max_leaf_nodes': None, 'min_impurity_decrease': 0.0, 'min_samples_leaf': 1, 'min_samples_split': 2, 'min_weight_fraction_leaf': 0.0, 'random_state': 0, 'splitter': 'best'}