{
    "accuracy": 0.9010418933057361,
    "precision": 0.1194471635668671,
    "recall": 0.04124449738047144,
    "f1": 0.061316663177100474,
    "roc_auc": 0.5076960512866289,
    "precision_recall_auc": 0.11791163069326084,
    "fbeta_0.5": 0.08660517839821823,
    "fbeta_2": 0.0474588011304918,
    "fbeta_3": 0.04413397092927628,
    "fbeta_4": 0.04289653135077916
}{'ccp_alpha': 0.0, 'class_weight': None, 'criterion': 'gini', 'max_depth': None, 'max_features': None, 'max_leaf_nodes': None, 'min_impurity_decrease': 0.0, 'min_samples_leaf': 1, 'min_samples_split': 2, 'min_weight_fraction_leaf': 0.0, 'random_state': 0, 'splitter': 'best'}