{
    "accuracy": 0.8176109083364261,
    "precision": 0.5443037974683544,
    "recall": 0.001377609047367325,
    "f1": 0.002748262363186067,
    "roc_auc": 0.5005601273960432,
    "precision_recall_auc": 0.36393004653088784,
    "fbeta_0.5": 0.0068190107676937475,
    "fbeta_2": 0.0017209224144141262,
    "fbeta_3": 0.0015302463874619443,
    "fbeta_4": 0.001463478112894023
}{'bootstrap': True, 'ccp_alpha': 0.0, 'class_weight': None, 'criterion': 'gini', 'max_depth': None, 'max_features': 'sqrt', 'max_leaf_nodes': None, 'max_samples': None, 'min_impurity_decrease': 0.0, 'min_samples_leaf': 5, 'min_samples_split': 2, 'min_weight_fraction_leaf': 0.0, 'n_estimators': 100, 'n_jobs': None, 'oob_score': False, 'random_state': None, 'verbose': 0, 'warm_start': False}{'n_estimators': 100, 'min_samples_leaf': 5}