{
    "accuracy": 0.679471181804633,
    "precision": 0.5820285908781484,
    "recall": 0.015522030390501606,
    "f1": 0.030237657377281086,
    "roc_auc": 0.505114817057933,
    "precision_recall_auc": 0.45724543164649056,
    "fbeta_0.5": 0.07012910316770288,
    "fbeta_2": 0.01927403393131681,
    "fbeta_3": 0.017195745913244947,
    "fbeta_4": 0.016464713858338892
}{'bootstrap': True, 'ccp_alpha': 0.0, 'class_weight': None, 'criterion': 'gini', 'max_depth': None, 'max_features': 'sqrt', 'max_leaf_nodes': None, 'max_samples': None, 'min_impurity_decrease': 0.0, 'min_samples_leaf': 5, 'min_samples_split': 2, 'min_weight_fraction_leaf': 0.0, 'n_estimators': 100, 'n_jobs': None, 'oob_score': False, 'random_state': None, 'verbose': 0, 'warm_start': False}{'n_estimators': 100, 'min_samples_leaf': 5}