{
    "accuracy": 0.9216470503654289,
    "precision": 1.0,
    "recall": 0.00013681101570107597,
    "f1": 0.0002735846020148701,
    "roc_auc": 0.5000684055078506,
    "precision_recall_auc": 0.5392448803251361,
    "fbeta_0.5": 0.0006836809381711133,
    "fbeta_2": 0.0001710079206845145,
    "fbeta_3": 0.00015200992893088736,
    "fbeta_4": 0.00014536046125037156
}{'bootstrap': True, 'ccp_alpha': 0.0, 'class_weight': None, 'criterion': 'gini', 'max_depth': None, 'max_features': 'sqrt', 'max_leaf_nodes': None, 'max_samples': None, 'min_impurity_decrease': 0.0, 'min_samples_leaf': 5, 'min_samples_split': 2, 'min_weight_fraction_leaf': 0.0, 'n_estimators': 100, 'n_jobs': None, 'oob_score': False, 'random_state': None, 'verbose': 0, 'warm_start': False}{'n_estimators': 100, 'min_samples_leaf': 5}