{
    "accuracy": 0.7311195071360957,
    "precision": 0.28100088726262284,
    "recall": 0.1126490659681533,
    "f1": 0.16082556203327916,
    "roc_auc": 0.513586862541982,
    "precision_recall_auc": 0.2983025214528733,
    "fbeta_0.5": 0.2163382363998945,
    "fbeta_2": 0.12798455727148386,
    "fbeta_3": 0.11982814904152143,
    "fbeta_4": 0.11676407163119006
}{'ccp_alpha': 0.0, 'class_weight': None, 'criterion': 'gini', 'max_depth': None, 'max_features': None, 'max_leaf_nodes': None, 'min_impurity_decrease': 0.0, 'min_samples_leaf': 1, 'min_samples_split': 2, 'min_weight_fraction_leaf': 0.0, 'random_state': 0, 'splitter': 'best'}