{
    "accuracy": 0.8334906501225902,
    "precision": 0.47058823529411764,
    "recall": 0.00014040506862297728,
    "f1": 0.00028072637950697426,
    "roc_auc": 0.5000544251842751,
    "precision_recall_auc": 0.3186058448002302,
    "fbeta_0.5": 0.0007011885145321319,
    "fbeta_2": 0.00017549324570370595,
    "fbeta_3": 0.00015600046020135757,
    "fbeta_4": 0.00014917760361536308
}{'bootstrap': True, 'ccp_alpha': 0.0, 'class_weight': None, 'criterion': 'gini', 'max_depth': None, 'max_features': 'sqrt', 'max_leaf_nodes': None, 'max_samples': None, 'min_impurity_decrease': 0.0, 'min_samples_leaf': 5, 'min_samples_split': 2, 'min_weight_fraction_leaf': 0.0, 'n_estimators': 100, 'n_jobs': None, 'oob_score': False, 'random_state': None, 'verbose': 0, 'warm_start': False}{'n_estimators': 100, 'min_samples_leaf': 5}