{
    "accuracy": 0.45734182356946435,
    "precision": 0.13120171345521303,
    "recall": 0.6266410112770051,
    "f1": 0.2169747672378896,
    "roc_auc": 0.5304504119943503,
    "precision_recall_auc": 0.4013192793554456,
    "fbeta_0.5": 0.15584472225015356,
    "fbeta_2": 0.35701301332415636,
    "fbeta_3": 0.4548733398396062,
    "fbeta_4": 0.5127460853193467
}{'alpha': 0.2, 'class_prior': None, 'fit_prior': True, 'force_alpha': True, 'norm': False}{'norm': False, 'force_alpha': True, 'alpha': 0.2}