{
    "accuracy": 0.6781532275268339,
    "precision": 0.6448598130841121,
    "recall": 0.0006263275420728718,
    "f1": 0.0012514396089704641,
    "roc_auc": 0.5002312781609239,
    "precision_recall_auc": 0.4836109329769966,
    "fbeta_0.5": 0.0031195182378790896,
    "fbeta_2": 0.000782719371283501,
    "fbeta_3": 0.0006958443970911688,
    "fbeta_4": 0.0006654326191325778
}{'activation': 'relu', 'alpha': 0.0001, 'batch_size': 200, 'beta_1': 0.9, 'beta_2': 0.999, 'early_stopping': False, 'epsilon': 1e-08, 'hidden_layer_sizes': (20,), 'learning_rate': 'constant', 'learning_rate_init': 0.001, 'max_fun': 15000, 'max_iter': 200, 'momentum': 0.9, 'n_iter_no_change': 10, 'nesterovs_momentum': True, 'power_t': 0.5, 'random_state': None, 'shuffle': True, 'solver': 'adam', 'tol': 0.0001, 'validation_fraction': 0.1, 'verbose': False, 'warm_start': False}{'hidden_layer_sizes': (20,), 'batch_size': 200}