{
    "accuracy": 0.49543976130708334,
    "precision": 0.2056115200136736,
    "recall": 0.616640235795409,
    "f1": 0.3083929837491839,
    "roc_auc": 0.5425178517505123,
    "precision_recall_auc": 0.4460940395190499,
    "fbeta_0.5": 0.23723831064383133,
    "fbeta_2": 0.44051678758611224,
    "fbeta_3": 0.5139073378144754,
    "fbeta_4": 0.5517581830169621
}{'bootstrap': True, 'ccp_alpha': 0.0, 'class_weight': None, 'criterion': 'gini', 'max_depth': None, 'max_features': 'sqrt', 'max_leaf_nodes': None, 'max_samples': None, 'min_impurity_decrease': 0.0, 'min_samples_leaf': 5, 'min_samples_split': 2, 'min_weight_fraction_leaf': 0.0, 'n_estimators': 100, 'n_jobs': None, 'oob_score': False, 'random_state': None, 'verbose': 0, 'warm_start': False}