{
    "accuracy": 0.5362000014568871,
    "precision": 0.37697915543642724,
    "recall": 0.5379608163525149,
    "f1": 0.4433078026090302,
    "roc_auc": 0.5366202163949038,
    "precision_recall_auc": 0.5367729018539404,
    "fbeta_0.5": 0.400977175254911,
    "fbeta_2": 0.4956308976039587,
    "fbeta_3": 0.5159290630609362,
    "fbeta_4": 0.5247786643482094
}{'C': 1.0, 'class_weight': None, 'dual': False, 'fit_intercept': True, 'intercept_scaling': 1, 'l1_ratio': None, 'max_iter': 100, 'multi_class': 'auto', 'n_jobs': None, 'penalty': 'l2', 'random_state': 0, 'solver': 'saga', 'tol': 0.0001, 'verbose': 0, 'warm_start': False}