{
    "accuracy": 0.5497872944878678,
    "precision": 0.25210550447645935,
    "recall": 0.5057079928034918,
    "f1": 0.3364726785709493,
    "roc_auc": 0.5341728663987118,
    "precision_recall_auc": 0.43469368619051135,
    "fbeta_0.5": 0.28020939038073817,
    "fbeta_2": 0.4210066762489421,
    "fbeta_3": 0.4594865028313815,
    "fbeta_4": 0.47745559897805284
}{'ccp_alpha': 0.0, 'class_weight': None, 'criterion': 'gini', 'max_depth': None, 'max_features': None, 'max_leaf_nodes': None, 'min_impurity_decrease': 0.0, 'min_samples_leaf': 1, 'min_samples_split': 2, 'min_weight_fraction_leaf': 0.0, 'random_state': 0, 'splitter': 'best'}