{
    "accuracy": 0.5562436733997691,
    "precision": 0.3323043330915061,
    "recall": 0.3323043330915061,
    "f1": 0.3323043330915061,
    "roc_auc": 0.5,
    "precision_recall_auc": 0.3323043330915061,
    "fbeta_0.5": 0.33230433309150603,
    "fbeta_2": 0.33230433309150603,
    "fbeta_3": 0.33230433309150603,
    "fbeta_4": 0.3323043330915061
}