{
    "accuracy": 0.5448937878677276,
    "precision": 0.3173302530411869,
    "recall": 0.5933049875143417,
    "f1": 0.41349952963311387,
    "roc_auc": 0.5601283185651951,
    "precision_recall_auc": 0.5103033856620989,
    "fbeta_0.5": 0.34987940682485735,
    "fbeta_2": 0.5053983511745295,
    "fbeta_3": 0.545834989072124,
    "fbeta_4": 0.564430176565008
}{'activation': 'relu', 'alpha': 0.0001, 'batch_size': 100, 'beta_1': 0.9, 'beta_2': 0.999, 'early_stopping': False, 'epsilon': 1e-08, 'hidden_layer_sizes': (30,), 'learning_rate': 'constant', 'learning_rate_init': 0.001, 'max_fun': 15000, 'max_iter': 200, 'momentum': 0.9, 'n_iter_no_change': 10, 'nesterovs_momentum': True, 'power_t': 0.5, 'random_state': None, 'shuffle': True, 'solver': 'adam', 'tol': 0.0001, 'validation_fraction': 0.1, 'verbose': False, 'warm_start': False}{'hidden_layer_sizes': (30,), 'batch_size': 100}