{
    "accuracy": 0.5392867809351758,
    "precision": 0.7074498534747153,
    "recall": 0.5148885565605117,
    "f1": 0.5960016160893512,
    "roc_auc": 0.550770112550972,
    "precision_recall_auc": 0.7712601511929207,
    "fbeta_0.5": 0.6582170163114254,
    "fbeta_2": 0.5445318623317096,
    "fbeta_3": 0.5292954894910414,
    "fbeta_4": 0.5232666946304988
}{'activation': 'relu', 'alpha': 0.0001, 'batch_size': 200, 'beta_1': 0.9, 'beta_2': 0.999, 'early_stopping': False, 'epsilon': 1e-08, 'hidden_layer_sizes': (15,), 'learning_rate': 'constant', 'learning_rate_init': 0.001, 'max_fun': 15000, 'max_iter': 200, 'momentum': 0.9, 'n_iter_no_change': 10, 'nesterovs_momentum': True, 'power_t': 0.5, 'random_state': None, 'shuffle': True, 'solver': 'adam', 'tol': 0.0001, 'validation_fraction': 0.1, 'verbose': False, 'warm_start': False}{'hidden_layer_sizes': (15,), 'batch_size': 200}