{
    "accuracy": 0.4910747455910955,
    "precision": 0.21554965715549657,
    "recall": 0.5862615876835571,
    "f1": 0.31520756298196734,
    "roc_auc": 0.5267855437444888,
    "precision_recall_auc": 0.44223568746953446,
    "fbeta_0.5": 0.2467559971179765,
    "fbeta_2": 0.43621662095402414,
    "fbeta_3": 0.5002298271280008,
    "fbeta_4": 0.532400089984019
}{'alpha': 0.2, 'class_prior': None, 'fit_prior': True, 'force_alpha': True, 'norm': False}{'norm': False, 'force_alpha': True, 'alpha': 0.2}