{
    "accuracy": 0.5429775896050807,
    "precision": 0.4198078825428229,
    "recall": 0.513525562437308,
    "f1": 0.4619615425931894,
    "roc_auc": 0.5373565930535443,
    "precision_recall_auc": 0.5595992966438966,
    "fbeta_0.5": 0.4357112172031158,
    "fbeta_2": 0.4915776574731143,
    "fbeta_3": 0.5023119775857317,
    "fbeta_4": 0.5068694880470354
}{'C': 1.0, 'class_weight': None, 'dual': False, 'fit_intercept': True, 'intercept_scaling': 1, 'l1_ratio': None, 'max_iter': 100, 'multi_class': 'auto', 'n_jobs': None, 'penalty': 'l2', 'random_state': 0, 'solver': 'saga', 'tol': 0.0001, 'verbose': 0, 'warm_start': False}