{
    "accuracy": 0.5515152114101016,
    "precision": 0.6604917621096197,
    "recall": 0.6604917621096197,
    "f1": 0.6604917621096197,
    "roc_auc": 0.5,
    "precision_recall_auc": 0.6604917621096197,
    "fbeta_0.5": 0.6604917621096197,
    "fbeta_2": 0.6604917621096197,
    "fbeta_3": 0.6604917621096197,
    "fbeta_4": 0.6604917621096197
}