{
    "accuracy": 0.5361380837564376,
    "precision": 0.3159373605533244,
    "recall": 0.6077468850172347,
    "f1": 0.41574801704720094,
    "roc_auc": 0.5585947161149853,
    "precision_recall_auc": 0.5151022718248268,
    "fbeta_0.5": 0.34949981103115285,
    "fbeta_2": 0.5129851016619119,
    "fbeta_3": 0.556359774327618,
    "fbeta_4": 0.5764287980556254
}{'activation': 'relu', 'alpha': 0.0001, 'batch_size': 200, 'beta_1': 0.9, 'beta_2': 0.999, 'early_stopping': False, 'epsilon': 1e-08, 'hidden_layer_sizes': (15,), 'learning_rate': 'constant', 'learning_rate_init': 0.001, 'max_fun': 15000, 'max_iter': 200, 'momentum': 0.9, 'n_iter_no_change': 10, 'nesterovs_momentum': True, 'power_t': 0.5, 'random_state': None, 'shuffle': True, 'solver': 'adam', 'tol': 0.0001, 'validation_fraction': 0.1, 'verbose': False, 'warm_start': False}{'hidden_layer_sizes': (15,), 'batch_size': 200}