{
    "accuracy": 0.5633987882327177,
    "precision": 0.3294462825394844,
    "recall": 0.5936199410586939,
    "f1": 0.4237309909591637,
    "roc_auc": 0.5729090892333333,
    "precision_recall_auc": 0.5164762949998094,
    "fbeta_0.5": 0.36163319454761245,
    "fbeta_2": 0.51157623720914,
    "fbeta_3": 0.549552851793383,
    "fbeta_4": 0.5668807839142891
}{'bootstrap': True, 'ccp_alpha': 0.0, 'class_weight': None, 'criterion': 'gini', 'max_depth': None, 'max_features': 'sqrt', 'max_leaf_nodes': None, 'max_samples': None, 'min_impurity_decrease': 0.0, 'min_samples_leaf': 5, 'min_samples_split': 2, 'min_weight_fraction_leaf': 0.0, 'n_estimators': 100, 'n_jobs': None, 'oob_score': False, 'random_state': None, 'verbose': 0, 'warm_start': False}{'n_estimators': 100, 'min_samples_leaf': 5}