{
    "accuracy": 0.5556184149694625,
    "precision": 0.7140839734095684,
    "recall": 0.5636554774160806,
    "f1": 0.6300147384308382,
    "roc_auc": 0.551432135125774,
    "precision_recall_auc": 0.7853159380317505,
    "fbeta_0.5": 0.6779003357021406,
    "fbeta_2": 0.5884478925209328,
    "fbeta_3": 0.5757849277213836,
    "fbeta_4": 0.5707277813973096
}{'activation': 'relu', 'alpha': 0.0001, 'batch_size': 200, 'beta_1': 0.9, 'beta_2': 0.999, 'early_stopping': False, 'epsilon': 1e-08, 'hidden_layer_sizes': (20,), 'learning_rate': 'constant', 'learning_rate_init': 0.001, 'max_fun': 15000, 'max_iter': 200, 'momentum': 0.9, 'n_iter_no_change': 10, 'nesterovs_momentum': True, 'power_t': 0.5, 'random_state': None, 'shuffle': True, 'solver': 'adam', 'tol': 0.0001, 'validation_fraction': 0.1, 'verbose': False, 'warm_start': False}{'hidden_layer_sizes': (20,), 'batch_size': 200}