{
    "accuracy": 0.5477567581348932,
    "precision": 0.40979974304332106,
    "recall": 0.5288726940566731,
    "f1": 0.4617838674301369,
    "roc_auc": 0.5437851735354696,
    "precision_recall_auc": 0.555749653962551,
    "fbeta_0.5": 0.4291226939498912,
    "fbeta_2": 0.4998264068086065,
    "fbeta_3": 0.5139394758043119,
    "fbeta_4": 0.5199851160312173
}{'bootstrap': True, 'ccp_alpha': 0.0, 'class_weight': None, 'criterion': 'gini', 'max_depth': None, 'max_features': 'sqrt', 'max_leaf_nodes': None, 'max_samples': None, 'min_impurity_decrease': 0.0, 'min_samples_leaf': 10, 'min_samples_split': 2, 'min_weight_fraction_leaf': 0.0, 'n_estimators': 100, 'n_jobs': None, 'oob_score': False, 'random_state': None, 'verbose': 0, 'warm_start': False}{'n_estimators': 100, 'min_samples_leaf': 10}