{
    "accuracy": 0.5522439703086415,
    "precision": 0.21997556832437368,
    "recall": 0.4874985187818462,
    "f1": 0.30315672525890364,
    "roc_auc": 0.5279537249344144,
    "precision_recall_auc": 0.4049329657262027,
    "fbeta_0.5": 0.24709507814990553,
    "fbeta_2": 0.39212264738875735,
    "fbeta_3": 0.4346398589179921,
    "fbeta_4": 0.454952090106328
}{'ccp_alpha': 0.0, 'class_weight': None, 'criterion': 'gini', 'max_depth': None, 'max_features': None, 'max_leaf_nodes': None, 'min_impurity_decrease': 0.0, 'min_samples_leaf': 1, 'min_samples_split': 2, 'min_weight_fraction_leaf': 0.0, 'random_state': 0, 'splitter': 'best'}