{
    "accuracy": 0.5617100940420603,
    "precision": 0.3088036287089014,
    "recall": 0.4958153945197763,
    "f1": 0.380576617199685,
    "roc_auc": 0.5410454129484665,
    "precision_recall_auc": 0.4707677244509708,
    "fbeta_0.5": 0.3339992085391041,
    "fbeta_2": 0.44224999282207356,
    "fbeta_3": 0.4675033481168976,
    "fbeta_4": 0.4787602387830475
}{'ccp_alpha': 0.0, 'class_weight': None, 'criterion': 'gini', 'max_depth': None, 'max_features': None, 'max_leaf_nodes': None, 'min_impurity_decrease': 0.0, 'min_samples_leaf': 1, 'min_samples_split': 2, 'min_weight_fraction_leaf': 0.0, 'random_state': 0, 'splitter': 'best'}