{
    "accuracy": 0.5565563560340621,
    "precision": 0.23204665526453871,
    "recall": 0.5280702234132736,
    "f1": 0.32241601923376595,
    "roc_auc": 0.5458693481469464,
    "precision_recall_auc": 0.427201483795815,
    "fbeta_0.5": 0.26134771385598965,
    "fbeta_2": 0.4207256760819708,
    "fbeta_3": 0.4683255943296169,
    "fbeta_4": 0.4912091085515865
}{'bootstrap': True, 'ccp_alpha': 0.0, 'class_weight': None, 'criterion': 'gini', 'max_depth': None, 'max_features': 'sqrt', 'max_leaf_nodes': None, 'max_samples': None, 'min_impurity_decrease': 0.0, 'min_samples_leaf': 10, 'min_samples_split': 2, 'min_weight_fraction_leaf': 0.0, 'n_estimators': 100, 'n_jobs': None, 'oob_score': False, 'random_state': None, 'verbose': 0, 'warm_start': False}{'n_estimators': 100, 'min_samples_leaf': 10}