{
    "accuracy": 0.553586636494148,
    "precision": 0.24000645178633834,
    "recall": 0.5145969624484855,
    "f1": 0.3273417234204423,
    "roc_auc": 0.5393077495507779,
    "precision_recall_auc": 0.4285311155900498,
    "fbeta_0.5": 0.26868016286929225,
    "fbeta_2": 0.41877351144966546,
    "fbeta_3": 0.46176643245605636,
    "fbeta_4": 0.4821484731139073
}{'C': 1.0, 'class_weight': None, 'dual': False, 'fit_intercept': True, 'intercept_scaling': 1, 'l1_ratio': None, 'max_iter': 100, 'multi_class': 'auto', 'n_jobs': None, 'penalty': 'l2', 'random_state': 0, 'solver': 'saga', 'tol': 0.0001, 'verbose': 0, 'warm_start': False}