{
    "accuracy": 0.5532000524479345,
    "precision": 0.32474675544644255,
    "recall": 0.5978822140854894,
    "f1": 0.4208849181527422,
    "roc_auc": 0.5672124483994514,
    "precision_recall_auc": 0.5159140593549416,
    "fbeta_0.5": 0.3574017090179641,
    "fbeta_2": 0.511791496987976,
    "fbeta_3": 0.5514973100935977,
    "fbeta_4": 0.5696965710365826
}{'bootstrap': True, 'ccp_alpha': 0.0, 'class_weight': None, 'criterion': 'gini', 'max_depth': None, 'max_features': 'sqrt', 'max_leaf_nodes': None, 'max_samples': None, 'min_impurity_decrease': 0.0, 'min_samples_leaf': 10, 'min_samples_split': 2, 'min_weight_fraction_leaf': 0.0, 'n_estimators': 100, 'n_jobs': None, 'oob_score': False, 'random_state': None, 'verbose': 0, 'warm_start': False}{'n_estimators': 100, 'min_samples_leaf': 10}