{
    "accuracy": 0.544340357957153,
    "precision": 0.40411201283382087,
    "recall": 0.510221608848468,
    "f1": 0.4510097331074855,
    "roc_auc": 0.537164704562292,
    "precision_recall_auc": 0.5470011992035305,
    "fbeta_0.5": 0.42164992270756546,
    "fbeta_2": 0.48476424242881616,
    "fbeta_3": 0.49716725391969635,
    "fbeta_4": 0.5024608144700607
}{'C': 1.0, 'class_weight': None, 'dual': False, 'fit_intercept': True, 'intercept_scaling': 1, 'l1_ratio': None, 'max_iter': 100, 'multi_class': 'auto', 'n_jobs': None, 'penalty': 'l2', 'random_state': 0, 'solver': 'saga', 'tol': 0.0001, 'verbose': 0, 'warm_start': False}