{
    "accuracy": 0.5288524709832835,
    "precision": 0.28413380190029935,
    "recall": 0.5861976369495167,
    "f1": 0.3827474357850442,
    "roc_auc": 0.5480087225452794,
    "precision_recall_auc": 0.4867236190282853,
    "fbeta_0.5": 0.3167808219178082,
    "fbeta_2": 0.4834137915762434,
    "fbeta_3": 0.5298672297871307,
    "fbeta_4": 0.5516969687959921
}{'activation': 'relu', 'alpha': 0.0001, 'batch_size': 100, 'beta_1': 0.9, 'beta_2': 0.999, 'early_stopping': False, 'epsilon': 1e-08, 'hidden_layer_sizes': (30,), 'learning_rate': 'constant', 'learning_rate_init': 0.001, 'max_fun': 15000, 'max_iter': 200, 'momentum': 0.9, 'n_iter_no_change': 10, 'nesterovs_momentum': True, 'power_t': 0.5, 'random_state': None, 'shuffle': True, 'solver': 'adam', 'tol': 0.0001, 'validation_fraction': 0.1, 'verbose': False, 'warm_start': False}{'hidden_layer_sizes': (30,), 'batch_size': 100}