{
    "accuracy": 0.5578183844579288,
    "precision": 0.22889882843688386,
    "recall": 0.5121915648044336,
    "f1": 0.31639878262681204,
    "roc_auc": 0.540700785941061,
    "precision_recall_auc": 0.4192744268743756,
    "fbeta_0.5": 0.2573689383800381,
    "fbeta_2": 0.4105656484176808,
    "fbeta_3": 0.4557824288009785,
    "fbeta_4": 0.47743348147437314
}{'C': 1.0, 'class_weight': None, 'dual': False, 'fit_intercept': True, 'intercept_scaling': 1, 'l1_ratio': None, 'max_iter': 100, 'multi_class': 'auto', 'n_jobs': None, 'penalty': 'l2', 'random_state': 0, 'solver': 'saga', 'tol': 0.0001, 'verbose': 0, 'warm_start': False}