{
    "accuracy": 0.6256677580557837,
    "precision": 0.24933313137175103,
    "recall": 0.24933313137175106,
    "f1": 0.24933313137175103,
    "roc_auc": 0.5,
    "precision_recall_auc": 0.24933313137175106,
    "fbeta_0.5": 0.24933313137175103,
    "fbeta_2": 0.24933313137175112,
    "fbeta_3": 0.24933313137175112,
    "fbeta_4": 0.24933313137175106
}