{
    "accuracy": 0.5315252150729536,
    "precision": 0.37627771379211056,
    "recall": 0.5546242115259129,
    "f1": 0.4483667390749608,
    "roc_auc": 0.5370377441791242,
    "precision_recall_auc": 0.5418938271903675,
    "fbeta_0.5": 0.4021403892889756,
    "fbeta_2": 0.5066009063526091,
    "fbeta_3": 0.5295259667540051,
    "fbeta_4": 0.5395802163585315
}{'activation': 'relu', 'alpha': 0.0001, 'batch_size': 200, 'beta_1': 0.9, 'beta_2': 0.999, 'early_stopping': False, 'epsilon': 1e-08, 'hidden_layer_sizes': (20,), 'learning_rate': 'constant', 'learning_rate_init': 0.001, 'max_fun': 15000, 'max_iter': 200, 'momentum': 0.9, 'n_iter_no_change': 10, 'nesterovs_momentum': True, 'power_t': 0.5, 'random_state': None, 'shuffle': True, 'solver': 'adam', 'tol': 0.0001, 'validation_fraction': 0.1, 'verbose': False, 'warm_start': False}{'hidden_layer_sizes': (20,), 'batch_size': 200}