{
    "accuracy": 0.5564671217010614,
    "precision": 0.699542416297097,
    "recall": 0.5749366767284908,
    "f1": 0.6311481989110928,
    "roc_auc": 0.5477741929895601,
    "precision_recall_auc": 0.7775140968810221,
    "fbeta_0.5": 0.6704798629514602,
    "fbeta_2": 0.5961753815148209,
    "fbeta_3": 0.5853634418377038,
    "fbeta_4": 0.5810246059948972
}{'C': 1.0, 'class_weight': None, 'dual': False, 'fit_intercept': True, 'intercept_scaling': 1, 'l1_ratio': None, 'max_iter': 100, 'multi_class': 'auto', 'n_jobs': None, 'penalty': 'l2', 'random_state': 0, 'solver': 'saga', 'tol': 0.0001, 'verbose': 0, 'warm_start': False}