{
    "accuracy": 0.49933464793433435,
    "precision": 0.3859298538227936,
    "recall": 0.5770855146288955,
    "f1": 0.46253577170228516,
    "roc_auc": 0.5150522600335148,
    "precision_recall_auc": 0.560447424848333,
    "fbeta_0.5": 0.4133111570589137,
    "fbeta_2": 0.5250707530003125,
    "fbeta_3": 0.5498507509530528,
    "fbeta_4": 0.5607475755705194
}{'alpha': 0.2, 'class_prior': None, 'fit_prior': True, 'force_alpha': True, 'norm': False}{'norm': False, 'force_alpha': True, 'alpha': 0.2}