{
    "accuracy": 0.5319293828674607,
    "precision": 0.3736485400411597,
    "recall": 0.37364854004115977,
    "f1": 0.3736485400411597,
    "roc_auc": 0.5,
    "precision_recall_auc": 0.37364854004115977,
    "fbeta_0.5": 0.37364854004115977,
    "fbeta_2": 0.37364854004115977,
    "fbeta_3": 0.37364854004115977,
    "fbeta_4": 0.37364854004115977
}