{
    "accuracy": 0.7134131856598204,
    "precision": 0.3929169657812874,
    "recall": 0.053253248058948294,
    "f1": 0.09379426952428825,
    "roc_auc": 0.5107463352423226,
    "precision_recall_auc": 0.3549209306332059,
    "fbeta_0.5": 0.17266108374798633,
    "fbeta_2": 0.06438498614271979,
    "fbeta_3": 0.05829243632563106,
    "fbeta_4": 0.056106309738828485
}{'alpha': 10, 'class_prior': None, 'fit_prior': True, 'force_alpha': True, 'norm': True}{'norm': True, 'force_alpha': True, 'alpha': 10}