{
    "accuracy": 0.6734036794607874,
    "precision": 0.20554823870386893,
    "recall": 0.20554823870386893,
    "f1": 0.2055482387038689,
    "roc_auc": 0.5,
    "precision_recall_auc": 0.20554823870386893,
    "fbeta_0.5": 0.20554823870386896,
    "fbeta_2": 0.20554823870386896,
    "fbeta_3": 0.20554823870386896,
    "fbeta_4": 0.2055482387038689
}