{
    "accuracy": 0.4680286501635023,
    "precision": 0.13569789556373257,
    "recall": 0.6395255376671457,
    "f1": 0.22388969657177693,
    "roc_auc": 0.5420862728516376,
    "precision_recall_auc": 0.4092366870272195,
    "fbeta_0.5": 0.1610777862708747,
    "fbeta_2": 0.36700081627176256,
    "fbeta_3": 0.46636909889539957,
    "fbeta_4": 0.5248880537342075
}{'bootstrap': True, 'ccp_alpha': 0.0, 'class_weight': None, 'criterion': 'gini', 'max_depth': None, 'max_features': 'sqrt', 'max_leaf_nodes': None, 'max_samples': None, 'min_impurity_decrease': 0.0, 'min_samples_leaf': 5, 'min_samples_split': 2, 'min_weight_fraction_leaf': 0.0, 'n_estimators': 100, 'n_jobs': None, 'oob_score': False, 'random_state': None, 'verbose': 0, 'warm_start': False}