{
    "accuracy": 0.510381446944304,
    "precision": 0.18632835549906948,
    "recall": 0.5763628066973218,
    "f1": 0.28161525730407416,
    "roc_auc": 0.5367816017926637,
    "precision_recall_auc": 0.41661473892248985,
    "fbeta_0.5": 0.2154940483221124,
    "fbeta_2": 0.4062747426761678,
    "fbeta_3": 0.47659821493360416,
    "fbeta_4": 0.5131740534021634
}{'bootstrap': True, 'ccp_alpha': 0.0, 'class_weight': None, 'criterion': 'gini', 'max_depth': None, 'max_features': 'sqrt', 'max_leaf_nodes': None, 'max_samples': None, 'min_impurity_decrease': 0.0, 'min_samples_leaf': 5, 'min_samples_split': 2, 'min_weight_fraction_leaf': 0.0, 'n_estimators': 100, 'n_jobs': None, 'oob_score': False, 'random_state': None, 'verbose': 0, 'warm_start': False}