{
    "accuracy": 0.5202880212275385,
    "precision": 0.36117253792748777,
    "recall": 0.6374925113011274,
    "f1": 0.4611051290805473,
    "roc_auc": 0.5510665059619445,
    "precision_recall_auc": 0.5576848772065278,
    "fbeta_0.5": 0.3954543304585987,
    "fbeta_2": 0.5528928664775143,
    "fbeta_3": 0.5921864776077117,
    "fbeta_4": 0.6100384956154649
}{'bootstrap': True, 'ccp_alpha': 0.0, 'class_weight': None, 'criterion': 'gini', 'max_depth': None, 'max_features': 'sqrt', 'max_leaf_nodes': None, 'max_samples': None, 'min_impurity_decrease': 0.0, 'min_samples_leaf': 5, 'min_samples_split': 2, 'min_weight_fraction_leaf': 0.0, 'n_estimators': 100, 'n_jobs': None, 'oob_score': False, 'random_state': None, 'verbose': 0, 'warm_start': False}