{
    "accuracy": 0.46371851411799797,
    "precision": 0.12596252602986754,
    "recall": 0.5920791974039906,
    "f1": 0.20773107991018605,
    "fbeta_0.5": 0.14950168340595954,
    "fbeta_2": 0.34025822291214064,
    "fbeta_3": 0.43216074168431123,
    "fbeta_4": 0.48623829908419525
}{'alpha': 0, 'class_prior': None, 'fit_prior': True, 'force_alpha': True}{'force_alpha': True, 'fit_prior': True, 'alpha': 0}