{
    "accuracy": 0.7903789520822347,
    "precision": 0.11896263169983266,
    "recall": 0.11896263169983266,
    "f1": 0.11896263169983266,
    "fbeta_0.5": 0.11896263169983268,
    "fbeta_2": 0.11896263169983268,
    "fbeta_3": 0.11896263169983268,
    "fbeta_4": 0.11896263169983266
}