{
    "accuracy": 0.538703804256999,
    "precision": 0.13890835215767508,
    "recall": 0.5548757495127171,
    "f1": 0.22219268452964536,
    "fbeta_0.5": 0.16340846563991232,
    "fbeta_2": 0.34703395038148915,
    "fbeta_3": 0.4270066578658045,
    "fbeta_4": 0.47177304859043867
}{'bootstrap': True, 'ccp_alpha': 0.0, 'class_weight': None, 'criterion': 'gini', 'max_depth': None, 'max_features': 'sqrt', 'max_leaf_nodes': None, 'max_samples': None, 'min_impurity_decrease': 0.0, 'min_samples_leaf': 10, 'min_samples_split': 2, 'min_weight_fraction_leaf': 0.0, 'n_estimators': 100, 'n_jobs': None, 'oob_score': False, 'random_state': None, 'verbose': 0, 'warm_start': False}{'n_estimators': 100, 'min_samples_leaf': 10}