{
    "accuracy": 0.5374734103102093,
    "precision": 0.26806252064502567,
    "recall": 0.5907272351278693,
    "f1": 0.3687790418960684,
    "fbeta_0.5": 0.30093795010690894,
    "fbeta_2": 0.4761094152513596,
    "fbeta_3": 0.5272612229619331,
    "fbeta_4": 0.551666276887209
}{'bootstrap': True, 'ccp_alpha': 0.0, 'class_weight': None, 'criterion': 'gini', 'max_depth': None, 'max_features': 'sqrt', 'max_leaf_nodes': None, 'max_samples': None, 'min_impurity_decrease': 0.0, 'min_samples_leaf': 5, 'min_samples_split': 2, 'min_weight_fraction_leaf': 0.0, 'n_estimators': 100, 'n_jobs': None, 'oob_score': False, 'random_state': None, 'verbose': 0, 'warm_start': False}{'n_estimators': 100, 'min_samples_leaf': 5}