{
    "accuracy": 0.7783860894005223,
    "precision": 0.12691415907292702,
    "recall": 0.12691415907292702,
    "f1": 0.12691415907292702,
    "fbeta_0.5": 0.12691415907292702,
    "fbeta_2": 0.12691415907292702,
    "fbeta_3": 0.12691415907292702,
    "fbeta_4": 0.12691415907292702
}