{
    "accuracy": 0.8715210691078918,
    "precision": 0.06900053996095783,
    "recall": 0.06900053996095783,
    "f1": 0.06900053996095783,
    "fbeta_0.5": 0.06900053996095783,
    "fbeta_2": 0.06900053996095783,
    "fbeta_3": 0.06900053996095784,
    "fbeta_4": 0.06900053996095783
}