{
    "accuracy": 0.5110366526221392,
    "precision": 0.08184403562501492,
    "recall": 0.5928414076865658,
    "f1": 0.14383157002032934,
    "fbeta_0.5": 0.09889194135300625,
    "fbeta_2": 0.26363620907275154,
    "fbeta_3": 0.36497033488211006,
    "fbeta_4": 0.4335957158248404
}{'activation': 'relu', 'alpha': 0.0001, 'batch_size': 200, 'beta_1': 0.9, 'beta_2': 0.999, 'early_stopping': False, 'epsilon': 1e-08, 'hidden_layer_sizes': (20,), 'learning_rate': 'constant', 'learning_rate_init': 0.001, 'max_fun': 15000, 'max_iter': 200, 'momentum': 0.9, 'n_iter_no_change': 10, 'nesterovs_momentum': True, 'power_t': 0.5, 'random_state': None, 'shuffle': True, 'solver': 'adam', 'tol': 0.0001, 'validation_fraction': 0.1, 'verbose': False, 'warm_start': False}{'hidden_layer_sizes': (20,), 'batch_size': 200}