{
    "accuracy": 0.5301768147364744,
    "precision": 0.08168996644989285,
    "recall": 0.564531104921077,
    "f1": 0.1427267820997748,
    "fbeta_0.5": 0.09854740464502532,
    "fbeta_2": 0.25870635143782766,
    "fbeta_3": 0.3548132590401116,
    "fbeta_4": 0.41888933963279956
}{'C': 1.0, 'class_weight': None, 'dual': False, 'fit_intercept': True, 'intercept_scaling': 1, 'l1_ratio': None, 'max_iter': 100, 'multi_class': 'auto', 'n_jobs': None, 'penalty': 'l2', 'random_state': 0, 'solver': 'saga', 'tol': 0.0001, 'verbose': 0, 'warm_start': False}