{
    "accuracy": 0.5616542786354107,
    "precision": 0.1526070368800339,
    "recall": 0.5446293494704992,
    "f1": 0.2384105960264901,
    "roc_auc": 0.5543687523628118,
    "precision_recall_auc": 0.3773012501602103,
    "fbeta_0.5": 0.17827077349707834,
    "fbeta_2": 0.3597841295222866,
    "fbeta_3": 0.43331728454501683,
    "fbeta_4": 0.4731349052957093
}{'alpha': 0.2, 'class_prior': None, 'fit_prior': False, 'force_alpha': True}{'force_alpha': True, 'fit_prior': False, 'alpha': 0.2}