{
    "accuracy": 0.5698494377739661,
    "precision": 0.3484726688102894,
    "recall": 0.5768463073852296,
    "f1": 0.43447757454272107,
    "roc_auc": 0.5719434528379139,
    "precision_recall_auc": 0.5232655487038201,
    "fbeta_0.5": 0.3784373635966827,
    "fbeta_2": 0.51,
    "fbeta_3": 0.5413674679987512,
    "fbeta_4": 0.5554341272233946
}{'bootstrap': True, 'ccp_alpha': 0.0, 'class_weight': None, 'criterion': 'gini', 'max_depth': None, 'max_features': 'sqrt', 'max_leaf_nodes': None, 'max_samples': None, 'min_impurity_decrease': 0.0, 'min_samples_leaf': 5, 'min_samples_split': 2, 'min_weight_fraction_leaf': 0.0, 'n_estimators': 100, 'n_jobs': None, 'oob_score': False, 'random_state': None, 'verbose': 0, 'warm_start': False}{'n_estimators': 100, 'min_samples_leaf': 5}