{
    "accuracy": 0.5772822565275395,
    "precision": 0.607916355489171,
    "recall": 0.5822603719599427,
    "f1": 0.5948118377785896,
    "roc_auc": 0.5769318995662627,
    "precision_recall_auc": 0.7063900599319134,
    "fbeta_0.5": 0.6026058631921823,
    "fbeta_2": 0.5872168518251334,
    "fbeta_3": 0.5847281086128869,
    "fbeta_4": 0.5837094529042055
}{'C': 1.0, 'class_weight': None, 'dual': False, 'fit_intercept': True, 'intercept_scaling': 1, 'l1_ratio': None, 'max_iter': 1000, 'multi_class': 'auto', 'n_jobs': None, 'penalty': 'l2', 'random_state': 0, 'solver': 'lbfgs', 'tol': 0.0001, 'verbose': 0, 'warm_start': False}