{
    "accuracy": 0.5614636935391653,
    "precision": 0.35798583792289534,
    "recall": 0.5763141228625712,
    "f1": 0.44164037854889593,
    "roc_auc": 0.5656925030888647,
    "precision_recall_auc": 0.5309006950868442,
    "fbeta_0.5": 0.38733293606878355,
    "fbeta_2": 0.5136599683901557,
    "fbeta_3": 0.5431862949919417,
    "fbeta_4": 0.5563547435805223
}{'bootstrap': True, 'ccp_alpha': 0.0, 'class_weight': None, 'criterion': 'gini', 'max_depth': None, 'max_features': 'sqrt', 'max_leaf_nodes': None, 'max_samples': None, 'min_impurity_decrease': 0.0, 'min_samples_leaf': 10, 'min_samples_split': 2, 'min_weight_fraction_leaf': 0.0, 'n_estimators': 100, 'n_jobs': None, 'oob_score': False, 'random_state': None, 'verbose': 0, 'warm_start': False}{'n_estimators': 100, 'min_samples_leaf': 10}