{
    "accuracy": 0.591957308938441,
    "precision": 0.3423913043478261,
    "recall": 0.46107784431137727,
    "f1": 0.3929685284944712,
    "roc_auc": 0.5527878537796203,
    "precision_recall_auc": 0.4789215383090185,
    "fbeta_0.5": 0.36097510157308055,
    "fbeta_2": 0.43118466898954705,
    "fbeta_3": 0.4456305060767796,
    "fbeta_4": 0.4518640687327401
}{'activation': 'relu', 'alpha': 0.0001, 'batch_size': 50, 'beta_1': 0.9, 'beta_2': 0.999, 'early_stopping': False, 'epsilon': 1e-08, 'hidden_layer_sizes': (10,), 'learning_rate': 'constant', 'learning_rate_init': 0.001, 'max_fun': 15000, 'max_iter': 500, 'momentum': 0.9, 'n_iter_no_change': 10, 'nesterovs_momentum': True, 'power_t': 0.5, 'random_state': None, 'shuffle': True, 'solver': 'adam', 'tol': 0.0001, 'validation_fraction': 0.1, 'verbose': False, 'warm_start': False}{'max_iter': 500, 'hidden_layer_sizes': (10,), 'batch_size': 50}