{
    "accuracy": 0.6125404993329522,
    "precision": 0.9278074866310161,
    "recall": 0.6043979969518833,
    "f1": 0.7319709953856297,
    "roc_auc": 0.6370613837970426,
    "precision_recall_auc": 0.9392493017304625,
    "fbeta_0.5": 0.8381136404806475,
    "fbeta_2": 0.649691069088186,
    "fbeta_3": 0.6262266236549437,
    "fbeta_4": 0.617050209205021
}{'activation': 'relu', 'alpha': 0.0001, 'batch_size': 1, 'beta_1': 0.9, 'beta_2': 0.999, 'early_stopping': False, 'epsilon': 1e-08, 'hidden_layer_sizes': (30, 30), 'learning_rate': 'constant', 'learning_rate_init': 0.001, 'max_fun': 15000, 'max_iter': 500, 'momentum': 0.9, 'n_iter_no_change': 10, 'nesterovs_momentum': True, 'power_t': 0.5, 'random_state': None, 'shuffle': True, 'solver': 'adam', 'tol': 0.0001, 'validation_fraction': 0.1, 'verbose': False, 'warm_start': False}{'max_iter': 500, 'hidden_layer_sizes': (30, 30), 'batch_size': 1}