{
    "accuracy": 0.6986997154212952,
    "precision": 0.18480187546457774,
    "recall": 0.18480187546457774,
    "f1": 0.18480187546457774,
    "roc_auc": 0.5,
    "precision_recall_auc": 0.18480187546457774,
    "fbeta_0.5": 0.18480187546457777,
    "fbeta_2": 0.18480187546457777,
    "fbeta_3": 0.18480187546457777,
    "fbeta_4": 0.18480187546457774
}