{
    "accuracy": 0.5978654469220507,
    "precision": 0.6426788685524126,
    "recall": 0.5525751072961373,
    "f1": 0.5942307692307691,
    "roc_auc": 0.6010529555248537,
    "precision_recall_auc": 0.7168379656258188,
    "fbeta_0.5": 0.6223815662262326,
    "fbeta_2": 0.5685163379452458,
    "fbeta_3": 0.5604323853743471,
    "fbeta_4": 0.5571701315231226
}{'ccp_alpha': 0.0, 'class_weight': None, 'criterion': 'gini', 'max_depth': None, 'max_features': None, 'max_leaf_nodes': None, 'min_impurity_decrease': 0.0, 'min_samples_leaf': 1, 'min_samples_split': 2, 'min_weight_fraction_leaf': 0.0, 'random_state': 0, 'splitter': 'best'}