{
    "accuracy": 0.5021556387994375,
    "precision": 0.5328301599100387,
    "recall": 0.5328301599100387,
    "f1": 0.5328301599100387,
    "roc_auc": 0.5,
    "precision_recall_auc": 0.5328301599100387,
    "fbeta_0.5": 0.5328301599100387,
    "fbeta_2": 0.5328301599100387,
    "fbeta_3": 0.5328301599100387,
    "fbeta_4": 0.5328301599100388
}