{
    "accuracy": 0.59026815613932,
    "precision": 0.2875521756532678,
    "recall": 0.2875521756532678,
    "f1": 0.2875521756532678,
    "roc_auc": 0.5,
    "precision_recall_auc": 0.2875521756532678,
    "fbeta_0.5": 0.2875521756532678,
    "fbeta_2": 0.2875521756532678,
    "fbeta_3": 0.2875521756532678,
    "fbeta_4": 0.2875521756532678
}