{
    "accuracy": 0.5913855536497046,
    "precision": 0.23452914798206279,
    "recall": 0.5447916666666667,
    "f1": 0.32789968652037615,
    "roc_auc": 0.5733055604152089,
    "precision_recall_auc": 0.43130325085400073,
    "fbeta_0.5": 0.2646761133603239,
    "fbeta_2": 0.4308072487644151,
    "fbeta_3": 0.4811407543698252,
    "fbeta_4": 0.5054576463899944
}{'ccp_alpha': 0.0, 'class_weight': None, 'criterion': 'gini', 'max_depth': None, 'max_features': None, 'max_leaf_nodes': None, 'min_impurity_decrease': 0.0, 'min_samples_leaf': 1, 'min_samples_split': 2, 'min_weight_fraction_leaf': 0.0, 'random_state': 0, 'splitter': 'best'}