{
    "accuracy": 0.5570802363255194,
    "precision": 0.3514160351017152,
    "recall": 0.55794806839772,
    "f1": 0.4312285854136074,
    "roc_auc": 0.5573273602621097,
    "precision_recall_auc": 0.5211962503393879,
    "fbeta_0.5": 0.3795123632290859,
    "fbeta_2": 0.4992632891306812,
    "fbeta_3": 0.5269769111137695,
    "fbeta_4": 0.5393035900759785
}{'C': 1.0, 'class_weight': None, 'dual': False, 'fit_intercept': True, 'intercept_scaling': 1, 'l1_ratio': None, 'max_iter': 1000, 'multi_class': 'auto', 'n_jobs': None, 'penalty': 'l2', 'random_state': 0, 'solver': 'lbfgs', 'tol': 0.0001, 'verbose': 0, 'warm_start': False}