{
    "accuracy": 0.5599390127692014,
    "precision": 0.34753550543024225,
    "recall": 0.5269157694743508,
    "f1": 0.4188270828089604,
    "roc_auc": 0.5505353111275788,
    "precision_recall_auc": 0.5084091708999809,
    "fbeta_0.5": 0.3729269385925594,
    "fbeta_2": 0.47761194029850745,
    "fbeta_3": 0.5010538994278831,
    "fbeta_4": 0.5113891098416371
}{'alpha': 100, 'class_prior': None, 'fit_prior': True, 'force_alpha': True}{'force_alpha': True, 'fit_prior': True, 'alpha': 100}