{
    "accuracy": 0.5188274083266419,
    "precision": 0.23098734913479715,
    "recall": 0.5493530072912765,
    "f1": 0.32522627811948174,
    "roc_auc": 0.5300065624786927,
    "precision_recall_auc": 0.43773143572575063,
    "fbeta_0.5": 0.2612700283720994,
    "fbeta_2": 0.4306434122537503,
    "fbeta_3": 0.48280840393602076,
    "fbeta_4": 0.5081542022367604
}{'bootstrap': True, 'ccp_alpha': 0.0, 'class_weight': None, 'criterion': 'gini', 'max_depth': None, 'max_features': 'sqrt', 'max_leaf_nodes': None, 'max_samples': None, 'min_impurity_decrease': 0.0, 'min_samples_leaf': 10, 'min_samples_split': 2, 'min_weight_fraction_leaf': 0.0, 'n_estimators': 100, 'n_jobs': None, 'oob_score': False, 'random_state': None, 'verbose': 0, 'warm_start': False}