{
    "accuracy": 0.5446687106114801,
    "precision": 0.3779290556696391,
    "recall": 0.4673612439775277,
    "f1": 0.4179141619553468,
    "roc_auc": 0.5268047157256084,
    "precision_recall_auc": 0.5157875933109426,
    "fbeta_0.5": 0.3929683958056071,
    "fbeta_2": 0.4462417378018401,
    "fbeta_3": 0.45655738401284546,
    "fbeta_4": 0.4609449578500605
}{'bootstrap': True, 'ccp_alpha': 0.0, 'class_weight': None, 'criterion': 'gini', 'max_depth': None, 'max_features': 'sqrt', 'max_leaf_nodes': None, 'max_samples': None, 'min_impurity_decrease': 0.0, 'min_samples_leaf': 10, 'min_samples_split': 2, 'min_weight_fraction_leaf': 0.0, 'n_estimators': 100, 'n_jobs': None, 'oob_score': False, 'random_state': None, 'verbose': 0, 'warm_start': False}