{
    "accuracy": 0.5511290361826897,
    "precision": 0.4232070933094652,
    "recall": 0.481809352460713,
    "f1": 0.4506108956079547,
    "roc_auc": 0.53789919292147,
    "precision_recall_auc": 0.5514996334503371,
    "fbeta_0.5": 0.4337586684364277,
    "fbeta_2": 0.46882552706270225,
    "fbeta_3": 0.4752287728478392,
    "fbeta_4": 0.477916530412034
}{'bootstrap': True, 'ccp_alpha': 0.0, 'class_weight': None, 'criterion': 'gini', 'max_depth': None, 'max_features': 'sqrt', 'max_leaf_nodes': None, 'max_samples': None, 'min_impurity_decrease': 0.0, 'min_samples_leaf': 5, 'min_samples_split': 2, 'min_weight_fraction_leaf': 0.0, 'n_estimators': 100, 'n_jobs': None, 'oob_score': False, 'random_state': None, 'verbose': 0, 'warm_start': False}