{
    "accuracy": 0.55028347567949,
    "precision": 0.7114750290360047,
    "recall": 0.5551547886609149,
    "f1": 0.6236688318299363,
    "roc_auc": 0.5477461457182156,
    "precision_recall_auc": 0.7826141277695491,
    "fbeta_0.5": 0.6735437960698767,
    "fbeta_2": 0.5806709689161214,
    "fbeta_3": 0.5676262699268715,
    "fbeta_4": 0.5624237147899874
}{'bootstrap': True, 'ccp_alpha': 0.0, 'class_weight': None, 'criterion': 'gini', 'max_depth': None, 'max_features': 'sqrt', 'max_leaf_nodes': None, 'max_samples': None, 'min_impurity_decrease': 0.0, 'min_samples_leaf': 5, 'min_samples_split': 2, 'min_weight_fraction_leaf': 0.0, 'n_estimators': 100, 'n_jobs': None, 'oob_score': False, 'random_state': None, 'verbose': 0, 'warm_start': False}