{
    "accuracy": 0.5369651081466458,
    "precision": 0.2635784008043066,
    "recall": 0.5710677603915352,
    "f1": 0.3606824880599419,
    "roc_auc": 0.5489599257429322,
    "precision_recall_auc": 0.4663758160014188,
    "fbeta_0.5": 0.2953885824879377,
    "fbeta_2": 0.4630332622391536,
    "fbeta_3": 0.5114072266963303,
    "fbeta_4": 0.534395779357281
}{'bootstrap': True, 'ccp_alpha': 0.0, 'class_weight': None, 'criterion': 'gini', 'max_depth': None, 'max_features': 'sqrt', 'max_leaf_nodes': None, 'max_samples': None, 'min_impurity_decrease': 0.0, 'min_samples_leaf': 5, 'min_samples_split': 2, 'min_weight_fraction_leaf': 0.0, 'n_estimators': 100, 'n_jobs': None, 'oob_score': False, 'random_state': None, 'verbose': 0, 'warm_start': False}