{
    "accuracy": 0.5620566939800249,
    "precision": 0.08423066528214393,
    "recall": 0.5390336264496514,
    "f1": 0.14569472876151485,
    "roc_auc": 0.5514020334113393,
    "precision_recall_auc": 0.32759983399287984,
    "fbeta_0.5": 0.10132982236864173,
    "fbeta_2": 0.2591633943905339,
    "fbeta_3": 0.3500333393233773,
    "fbeta_4": 0.40909726359525883
}{'bootstrap': True, 'ccp_alpha': 0.0, 'class_weight': None, 'criterion': 'gini', 'max_depth': None, 'max_features': 'sqrt', 'max_leaf_nodes': None, 'max_samples': None, 'min_impurity_decrease': 0.0, 'min_samples_leaf': 10, 'min_samples_split': 2, 'min_weight_fraction_leaf': 0.0, 'n_estimators': 100, 'n_jobs': None, 'oob_score': False, 'random_state': None, 'verbose': 0, 'warm_start': False}