{
    "accuracy": 0.4991684908155601,
    "precision": 0.12886880222875352,
    "recall": 0.558651859641296,
    "f1": 0.20942729435656474,
    "roc_auc": 0.5249026583029098,
    "precision_recall_auc": 0.36996406424414124,
    "fbeta_0.5": 0.1523027707497829,
    "fbeta_2": 0.3351223431674713,
    "fbeta_3": 0.418935161989484,
    "fbeta_4": 0.4670303079372085
}{'C': 1.0, 'class_weight': None, 'dual': False, 'fit_intercept': True, 'intercept_scaling': 1, 'l1_ratio': None, 'max_iter': 100, 'multi_class': 'auto', 'n_jobs': None, 'penalty': 'l2', 'random_state': 0, 'solver': 'saga', 'tol': 0.0001, 'verbose': 0, 'warm_start': False}