{
    "accuracy": 0.4815122430819508,
    "precision": 0.10938532831630075,
    "recall": 0.6291191169789133,
    "f1": 0.18636692466567503,
    "roc_auc": 0.5476234866288826,
    "precision_recall_auc": 0.3867555382786553,
    "fbeta_0.5": 0.13103583985179543,
    "fbeta_2": 0.3225787664451483,
    "fbeta_3": 0.4264808659066687,
    "fbeta_4": 0.49169356738726505
}{'bootstrap': True, 'ccp_alpha': 0.0, 'class_weight': None, 'criterion': 'gini', 'max_depth': None, 'max_features': 'sqrt', 'max_leaf_nodes': None, 'max_samples': None, 'min_impurity_decrease': 0.0, 'min_samples_leaf': 10, 'min_samples_split': 2, 'min_weight_fraction_leaf': 0.0, 'n_estimators': 100, 'n_jobs': None, 'oob_score': False, 'random_state': None, 'verbose': 0, 'warm_start': False}