{
    "accuracy": 0.4204030974899585,
    "precision": 0.08720690475423783,
    "recall": 0.6756371771863607,
    "f1": 0.1544751499137961,
    "roc_auc": 0.5371692850429153,
    "precision_recall_auc": 0.3941311716790024,
    "fbeta_0.5": 0.10560105457660333,
    "fbeta_2": 0.2875658938094928,
    "fbeta_3": 0.4034252269308948,
    "fbeta_4": 0.4836644985856585
}{'alpha': 0.2, 'class_prior': None, 'fit_prior': True, 'force_alpha': True, 'norm': False}