{
    "accuracy": 0.42968938701660053,
    "precision": 0.13824566168890096,
    "recall": 0.668042221238894,
    "f1": 0.22908427837446388,
    "roc_auc": 0.5315531429189834,
    "precision_recall_auc": 0.4241971738178978,
    "fbeta_0.5": 0.16430661274074493,
    "fbeta_2": 0.3781820556324256,
    "fbeta_3": 0.48295874233178443,
    "fbeta_4": 0.545149925370249
}{'alpha': 0.2, 'class_prior': None, 'fit_prior': False, 'force_alpha': True}