{
    "accuracy": 0.5457380503269593,
    "precision": 0.13343227515196113,
    "recall": 0.5142573384531226,
    "f1": 0.21188706825621906,
    "roc_auc": 0.5321186147103303,
    "precision_recall_auc": 0.3526843327823952,
    "fbeta_0.5": 0.15663028691315609,
    "fbeta_2": 0.3273827032765657,
    "fbeta_3": 0.40007354520964516,
    "fbeta_4": 0.44033161570905305
}{'bootstrap': True, 'ccp_alpha': 0.0, 'class_weight': None, 'criterion': 'gini', 'max_depth': None, 'max_features': 'sqrt', 'max_leaf_nodes': None, 'max_samples': None, 'min_impurity_decrease': 0.0, 'min_samples_leaf': 10, 'min_samples_split': 2, 'min_weight_fraction_leaf': 0.0, 'n_estimators': 100, 'n_jobs': None, 'oob_score': False, 'random_state': None, 'verbose': 0, 'warm_start': False}