{
    "accuracy": 0.4771292405549449,
    "precision": 0.10363640394220863,
    "recall": 0.5934802362562471,
    "f1": 0.17645872713312427,
    "roc_auc": 0.5292413733483425,
    "precision_recall_auc": 0.36774357353452436,
    "fbeta_0.5": 0.1241266070430408,
    "fbeta_2": 0.30508224254768146,
    "fbeta_3": 0.40299987069522863,
    "fbeta_4": 0.46437003097696605
}{'alpha': 0.2, 'class_prior': None, 'fit_prior': False, 'force_alpha': True}