{
    "accuracy": 0.47477944668219324,
    "precision": 0.07808763266225559,
    "recall": 0.6090265261164819,
    "f1": 0.13842660363011894,
    "roc_auc": 0.5369065746951174,
    "precision_recall_auc": 0.35710024187389416,
    "fbeta_0.5": 0.09457791368789968,
    "fbeta_2": 0.25807805449325993,
    "fbeta_3": 0.362531543506332,
    "fbeta_4": 0.4350322917483443
}{'C': 1.0, 'class_weight': None, 'dual': False, 'fit_intercept': True, 'intercept_scaling': 1, 'l1_ratio': None, 'max_iter': 100, 'multi_class': 'auto', 'n_jobs': None, 'penalty': 'l2', 'random_state': 0, 'solver': 'saga', 'tol': 0.0001, 'verbose': 0, 'warm_start': False}