{
    "accuracy": 0.491663781452773,
    "precision": 0.09521677850037938,
    "recall": 0.6453375610619754,
    "f1": 0.16594856130591704,
    "roc_auc": 0.5619674861663595,
    "precision_recall_auc": 0.3841734950592458,
    "fbeta_0.5": 0.11478689509243044,
    "fbeta_2": 0.29938941569239746,
    "fbeta_3": 0.40902237383856394,
    "fbeta_4": 0.48164675546944036
}{'ccp_alpha': 0.0, 'class_weight': None, 'criterion': 'gini', 'max_depth': None, 'max_features': None, 'max_leaf_nodes': None, 'min_impurity_decrease': 0.0, 'min_samples_leaf': 1, 'min_samples_split': 2, 'min_weight_fraction_leaf': 0.0, 'random_state': 0, 'splitter': 'best'}