{
    "accuracy": 0.5125571445779106,
    "precision": 0.13694077260041906,
    "recall": 0.5855785521193484,
    "f1": 0.2219721372201643,
    "roc_auc": 0.544148245904713,
    "precision_recall_auc": 0.3858647033803729,
    "fbeta_0.5": 0.16172112178352327,
    "fbeta_2": 0.3537749621865268,
    "fbeta_3": 0.4410757547148677,
    "fbeta_4": 0.49096292997884894
}{'ccp_alpha': 0.0, 'class_weight': None, 'criterion': 'gini', 'max_depth': None, 'max_features': None, 'max_leaf_nodes': None, 'min_impurity_decrease': 0.0, 'min_samples_leaf': 1, 'min_samples_split': 2, 'min_weight_fraction_leaf': 0.0, 'random_state': 0, 'splitter': 'best'}