{
    "accuracy": 0.4924924527219076,
    "precision": 0.08201541322900652,
    "recall": 0.6205873249949934,
    "f1": 0.14488336903668944,
    "roc_auc": 0.5517724501791672,
    "precision_recall_auc": 0.36444407021456154,
    "fbeta_0.5": 0.09924041935605962,
    "fbeta_2": 0.268264274190375,
    "fbeta_3": 0.3745988834674052,
    "fbeta_4": 0.44766460478551107
}{'bootstrap': True, 'ccp_alpha': 0.0, 'class_weight': None, 'criterion': 'gini', 'max_depth': None, 'max_features': 'sqrt', 'max_leaf_nodes': None, 'max_samples': None, 'min_impurity_decrease': 0.0, 'min_samples_leaf': 10, 'min_samples_split': 2, 'min_weight_fraction_leaf': 0.0, 'n_estimators': 100, 'n_jobs': None, 'oob_score': False, 'random_state': None, 'verbose': 0, 'warm_start': False}