{
    "accuracy": 0.5225294201877866,
    "precision": 0.18523601900220668,
    "recall": 0.5495278879567552,
    "f1": 0.2770750096234254,
    "roc_auc": 0.5333319215675284,
    "precision_recall_auc": 0.404885204530776,
    "fbeta_0.5": 0.21354912632483528,
    "fbeta_2": 0.3943997279220043,
    "fbeta_3": 0.4592166726554078,
    "fbeta_4": 0.4925477546102874
}{'bootstrap': True, 'ccp_alpha': 0.0, 'class_weight': None, 'criterion': 'gini', 'max_depth': None, 'max_features': 'sqrt', 'max_leaf_nodes': None, 'max_samples': None, 'min_impurity_decrease': 0.0, 'min_samples_leaf': 5, 'min_samples_split': 2, 'min_weight_fraction_leaf': 0.0, 'n_estimators': 100, 'n_jobs': None, 'oob_score': False, 'random_state': None, 'verbose': 0, 'warm_start': False}