{
    "accuracy": 0.47675621091563863,
    "precision": 0.3020045349745622,
    "recall": 0.7131223144586174,
    "f1": 0.42431381472830343,
    "roc_auc": 0.5511383102346366,
    "precision_recall_auc": 0.5463497108201983,
    "fbeta_0.5": 0.34136407788946344,
    "fbeta_2": 0.5605164694482364,
    "fbeta_3": 0.6276768688826802,
    "fbeta_4": 0.6602518078164322
}{'bootstrap': True, 'ccp_alpha': 0.0, 'class_weight': None, 'criterion': 'gini', 'max_depth': None, 'max_features': 'sqrt', 'max_leaf_nodes': None, 'max_samples': None, 'min_impurity_decrease': 0.0, 'min_samples_leaf': 5, 'min_samples_split': 2, 'min_weight_fraction_leaf': 0.0, 'n_estimators': 100, 'n_jobs': None, 'oob_score': False, 'random_state': None, 'verbose': 0, 'warm_start': False}