{
    "accuracy": 0.5654488162152955,
    "precision": 0.705952721228867,
    "recall": 0.6043373450300877,
    "f1": 0.6512048045702009,
    "roc_auc": 0.5451928750167092,
    "precision_recall_auc": 0.7879375727309081,
    "fbeta_0.5": 0.6829848337116029,
    "fbeta_2": 0.6222507964175672,
    "fbeta_3": 0.6131632640863881,
    "fbeta_4": 0.6094980281887025
}{'bootstrap': True, 'ccp_alpha': 0.0, 'class_weight': None, 'criterion': 'gini', 'max_depth': None, 'max_features': 'sqrt', 'max_leaf_nodes': None, 'max_samples': None, 'min_impurity_decrease': 0.0, 'min_samples_leaf': 5, 'min_samples_split': 2, 'min_weight_fraction_leaf': 0.0, 'n_estimators': 100, 'n_jobs': None, 'oob_score': False, 'random_state': None, 'verbose': 0, 'warm_start': False}