{
    "accuracy": 0.4960033579093365,
    "precision": 0.27271642050202394,
    "recall": 0.6134654818865345,
    "f1": 0.3775796140063556,
    "roc_auc": 0.5352417829448228,
    "precision_recall_auc": 0.49125140086213814,
    "fbeta_0.5": 0.3067986482790952,
    "fbeta_2": 0.490814560766866,
    "fbeta_3": 0.5453286836811531,
    "fbeta_4": 0.5714641151141497
}{'bootstrap': True, 'ccp_alpha': 0.0, 'class_weight': None, 'criterion': 'gini', 'max_depth': None, 'max_features': 'sqrt', 'max_leaf_nodes': None, 'max_samples': None, 'min_impurity_decrease': 0.0, 'min_samples_leaf': 5, 'min_samples_split': 2, 'min_weight_fraction_leaf': 0.0, 'n_estimators': 100, 'n_jobs': None, 'oob_score': False, 'random_state': None, 'verbose': 0, 'warm_start': False}