{
    "accuracy": 0.5808635666836995,
    "precision": 0.7284090783831748,
    "recall": 0.5988726165446241,
    "f1": 0.6573197722129659,
    "roc_auc": 0.5714831589865449,
    "precision_recall_auc": 0.7982674625452921,
    "fbeta_0.5": 0.6982046708985944,
    "fbeta_2": 0.6209582087476533,
    "fbeta_3": 0.609715477797451,
    "fbeta_4": 0.6052035717652764
}{'bootstrap': True, 'ccp_alpha': 0.0, 'class_weight': None, 'criterion': 'gini', 'max_depth': None, 'max_features': 'sqrt', 'max_leaf_nodes': None, 'max_samples': None, 'min_impurity_decrease': 0.0, 'min_samples_leaf': 5, 'min_samples_split': 2, 'min_weight_fraction_leaf': 0.0, 'n_estimators': 100, 'n_jobs': None, 'oob_score': False, 'random_state': None, 'verbose': 0, 'warm_start': False}