{
    "accuracy": 0.5373810740443341,
    "precision": 0.42135271897940274,
    "recall": 0.5647778113904501,
    "f1": 0.48263522752784144,
    "roc_auc": 0.5426098131483905,
    "precision_recall_auc": 0.5762069786919951,
    "fbeta_0.5": 0.44389827581460184,
    "fbeta_2": 0.5287793592396263,
    "fbeta_3": 0.5461860746571324,
    "fbeta_4": 0.5536912197065829
}{'bootstrap': True, 'ccp_alpha': 0.0, 'class_weight': None, 'criterion': 'gini', 'max_depth': None, 'max_features': 'sqrt', 'max_leaf_nodes': None, 'max_samples': None, 'min_impurity_decrease': 0.0, 'min_samples_leaf': 5, 'min_samples_split': 2, 'min_weight_fraction_leaf': 0.0, 'n_estimators': 100, 'n_jobs': None, 'oob_score': False, 'random_state': None, 'verbose': 0, 'warm_start': False}