{
    "accuracy": 0.5472662238119571,
    "precision": 0.32590234778871063,
    "recall": 0.631121909518346,
    "f1": 0.42984095853890236,
    "roc_auc": 0.573654787354619,
    "precision_recall_auc": 0.528384990419594,
    "fbeta_0.5": 0.36079994855636294,
    "fbeta_2": 0.5315573071603161,
    "fbeta_3": 0.5770765623071543,
    "fbeta_4": 0.5981685620289553
}{'bootstrap': True, 'ccp_alpha': 0.0, 'class_weight': None, 'criterion': 'gini', 'max_depth': None, 'max_features': 'sqrt', 'max_leaf_nodes': None, 'max_samples': None, 'min_impurity_decrease': 0.0, 'min_samples_leaf': 5, 'min_samples_split': 2, 'min_weight_fraction_leaf': 0.0, 'n_estimators': 100, 'n_jobs': None, 'oob_score': False, 'random_state': None, 'verbose': 0, 'warm_start': False}