{
    "accuracy": 0.4752063952736728,
    "precision": 0.07726649155581776,
    "recall": 0.6008884519453093,
    "f1": 0.13692606075692046,
    "roc_auc": 0.53336978517139,
    "precision_recall_auc": 0.3529025338220777,
    "fbeta_0.5": 0.09357498104684903,
    "fbeta_2": 0.25511466053247506,
    "fbeta_3": 0.3581656449640315,
    "fbeta_4": 0.42962426971110035
}{'ccp_alpha': 0.0, 'class_weight': None, 'criterion': 'gini', 'max_depth': None, 'max_features': None, 'max_leaf_nodes': None, 'min_impurity_decrease': 0.0, 'min_samples_leaf': 1, 'min_samples_split': 2, 'min_weight_fraction_leaf': 0.0, 'random_state': 0, 'splitter': 'best'}