{
    "accuracy": 0.4292693755514227,
    "precision": 0.09670808919244762,
    "recall": 0.6050859235107037,
    "f1": 0.1667631880601962,
    "roc_auc": 0.5080153737210651,
    "precision_recall_auc": 0.36953454213295783,
    "fbeta_0.5": 0.11624056336408368,
    "fbeta_2": 0.2949673608365214,
    "fbeta_3": 0.39660007033189554,
    "fbeta_4": 0.4621710017756711
}{'C': 1.0, 'class_weight': None, 'dual': False, 'fit_intercept': True, 'intercept_scaling': 1, 'l1_ratio': None, 'max_iter': 100, 'multi_class': 'auto', 'n_jobs': None, 'penalty': 'l2', 'random_state': 0, 'solver': 'saga', 'tol': 0.0001, 'verbose': 0, 'warm_start': False}