{
    "accuracy": 0.5646789277220811,
    "precision": 0.13403330528974086,
    "recall": 0.4882122694368763,
    "f1": 0.21032436971329077,
    "roc_auc": 0.5315973146534881,
    "precision_recall_auc": 0.3415086618606034,
    "fbeta_0.5": 0.15678100665259717,
    "fbeta_2": 0.3194073911408881,
    "fbeta_3": 0.38616842782714783,
    "fbeta_4": 0.42253385935393123
}{'ccp_alpha': 0.0, 'class_weight': None, 'criterion': 'gini', 'max_depth': None, 'max_features': None, 'max_leaf_nodes': None, 'min_impurity_decrease': 0.0, 'min_samples_leaf': 1, 'min_samples_split': 2, 'min_weight_fraction_leaf': 0.0, 'random_state': 0, 'splitter': 'best'}