{
    "accuracy": 0.4708107797897546,
    "precision": 0.12816516745095252,
    "recall": 0.5466685891284785,
    "f1": 0.20764779646164774,
    "roc_auc": 0.503229783318627,
    "precision_recall_auc": 0.36616779824726026,
    "fbeta_0.5": 0.15133634651662964,
    "fbeta_2": 0.33069921686315773,
    "fbeta_3": 0.4121028218129046,
    "fbeta_4": 0.4585841620279153
}{'alpha': 0.2, 'class_prior': None, 'fit_prior': True, 'force_alpha': True, 'norm': False}