{
    "accuracy": 0.47666256114919175,
    "precision": 0.12084559649185017,
    "recall": 0.5429897657324645,
    "f1": 0.1976933615257962,
    "roc_auc": 0.5053575632213534,
    "precision_recall_auc": 0.35905130466962926,
    "fbeta_0.5": 0.1430953174734472,
    "fbeta_2": 0.3196595017715263,
    "fbeta_3": 0.4024157778126773,
    "fbeta_4": 0.45043245649907976
}{'alpha': 0, 'class_prior': None, 'fit_prior': True, 'force_alpha': True}