{
    "accuracy": 0.47630750641211195,
    "precision": 0.09677102164893983,
    "recall": 0.545774647887324,
    "f1": 0.16439351401827781,
    "roc_auc": 0.5074209565335661,
    "precision_recall_auc": 0.34270950101226455,
    "fbeta_0.5": 0.11582936576810814,
    "fbeta_2": 0.2830823591709882,
    "fbeta_3": 0.3728005520469459,
    "fbeta_4": 0.4287537274676933
}{'alpha': 0.2, 'class_prior': None, 'fit_prior': False, 'force_alpha': True}