{
    "accuracy": 0.47381833936547996,
    "precision": 0.0803387586728603,
    "recall": 0.5469945838933196,
    "f1": 0.1401005267502775,
    "roc_auc": 0.5072954953280471,
    "precision_recall_auc": 0.33141625489784987,
    "fbeta_0.5": 0.09686667261433272,
    "fbeta_2": 0.2530367085459687,
    "fbeta_3": 0.34601073835206464,
    "fbeta_4": 0.4076930350782979
}{'alpha': 0.2, 'class_prior': None, 'fit_prior': True, 'force_alpha': True, 'norm': False}