{
    "accuracy": 0.27156074620775683,
    "precision": 0.22984334534802373,
    "recall": 0.9294106293513477,
    "f1": 0.3685453798983498,
    "roc_auc": 0.5029441968960572,
    "precision_recall_auc": 0.5876995950974467,
    "fbeta_0.5": 0.2705758243084934,
    "fbeta_2": 0.5777279742002538,
    "fbeta_3": 0.7125376774637875,
    "fbeta_4": 0.7882778321767402
}{'activation': 'relu', 'alpha': 0.0001, 'batch_size': 200, 'beta_1': 0.9, 'beta_2': 0.999, 'early_stopping': False, 'epsilon': 1e-08, 'hidden_layer_sizes': (20,), 'learning_rate': 'constant', 'learning_rate_init': 0.001, 'max_fun': 15000, 'max_iter': 200, 'momentum': 0.9, 'n_iter_no_change': 10, 'nesterovs_momentum': True, 'power_t': 0.5, 'random_state': None, 'shuffle': True, 'solver': 'adam', 'tol': 0.0001, 'validation_fraction': 0.1, 'verbose': False, 'warm_start': False}