{
    "accuracy": 0.5116847897556086,
    "precision": 0.13719236636826804,
    "recall": 0.5804369535036656,
    "f1": 0.2219293916055913,
    "roc_auc": 0.5413740854388223,
    "precision_recall_auc": 0.3839843721192998,
    "fbeta_0.5": 0.1619224408426952,
    "fbeta_2": 0.352599479778536,
    "fbeta_3": 0.43870048488820335,
    "fbeta_4": 0.4877422446205652
}{'C': 1.0, 'class_weight': None, 'dual': False, 'fit_intercept': True, 'intercept_scaling': 1, 'l1_ratio': None, 'max_iter': 100, 'multi_class': 'auto', 'n_jobs': None, 'penalty': 'l2', 'random_state': 0, 'solver': 'saga', 'tol': 0.0001, 'verbose': 0, 'warm_start': False}