{
    "accuracy": 0.4882333860320225,
    "precision": 0.18112331650967586,
    "recall": 0.5888939590719225,
    "f1": 0.27703904917992184,
    "roc_auc": 0.5285092264409711,
    "precision_recall_auc": 0.41923453690739,
    "fbeta_0.5": 0.21023862215193526,
    "fbeta_2": 0.40605856711692856,
    "fbeta_3": 0.48067707937890464,
    "fbeta_4": 0.5200259275432741
}{'bootstrap': True, 'ccp_alpha': 0.0, 'class_weight': None, 'criterion': 'gini', 'max_depth': None, 'max_features': 'sqrt', 'max_leaf_nodes': None, 'max_samples': None, 'min_impurity_decrease': 0.0, 'min_samples_leaf': 5, 'min_samples_split': 2, 'min_weight_fraction_leaf': 0.0, 'n_estimators': 100, 'n_jobs': None, 'oob_score': False, 'random_state': None, 'verbose': 0, 'warm_start': False}