{
    "accuracy": 0.5387510702899208,
    "precision": 0.18237472602222055,
    "recall": 0.5081961458808663,
    "f1": 0.26842178447276943,
    "roc_auc": 0.5265255760170164,
    "precision_recall_auc": 0.3862296873622805,
    "fbeta_0.5": 0.20919970060658957,
    "fbeta_2": 0.37441425039567194,
    "fbeta_3": 0.4311661857070107,
    "fbeta_4": 0.45986808916126376
}{'bootstrap': True, 'ccp_alpha': 0.0, 'class_weight': None, 'criterion': 'gini', 'max_depth': None, 'max_features': 'sqrt', 'max_leaf_nodes': None, 'max_samples': None, 'min_impurity_decrease': 0.0, 'min_samples_leaf': 5, 'min_samples_split': 2, 'min_weight_fraction_leaf': 0.0, 'n_estimators': 100, 'n_jobs': None, 'oob_score': False, 'random_state': None, 'verbose': 0, 'warm_start': False}