{
    "accuracy": 0.5257790103361514,
    "precision": 0.3559012703451556,
    "recall": 0.5841457436958771,
    "f1": 0.4423144994724778,
    "roc_auc": 0.5411064061601641,
    "precision_recall_auc": 0.5369630184715227,
    "fbeta_0.5": 0.38607136257940045,
    "fbeta_2": 0.5177390781053645,
    "fbeta_3": 0.5489413645355201,
    "fbeta_4": 0.5629103157080134
}{'bootstrap': True, 'ccp_alpha': 0.0, 'class_weight': None, 'criterion': 'gini', 'max_depth': None, 'max_features': 'sqrt', 'max_leaf_nodes': None, 'max_samples': None, 'min_impurity_decrease': 0.0, 'min_samples_leaf': 5, 'min_samples_split': 2, 'min_weight_fraction_leaf': 0.0, 'n_estimators': 100, 'n_jobs': None, 'oob_score': False, 'random_state': None, 'verbose': 0, 'warm_start': False}