{
    "accuracy": 0.5638623366072759,
    "precision": 0.11869833546565199,
    "recall": 0.523506022687405,
    "f1": 0.1935187536812982,
    "roc_auc": 0.5459250542148067,
    "precision_recall_auc": 0.34491594716917684,
    "fbeta_0.5": 0.14041366590549798,
    "fbeta_2": 0.3112257490379568,
    "fbeta_3": 0.39037343385169465,
    "fbeta_4": 0.4360329285778745
}{'bootstrap': True, 'ccp_alpha': 0.0, 'class_weight': None, 'criterion': 'gini', 'max_depth': None, 'max_features': 'sqrt', 'max_leaf_nodes': None, 'max_samples': None, 'min_impurity_decrease': 0.0, 'min_samples_leaf': 10, 'min_samples_split': 2, 'min_weight_fraction_leaf': 0.0, 'n_estimators': 100, 'n_jobs': None, 'oob_score': False, 'random_state': None, 'verbose': 0, 'warm_start': False}