{
    "accuracy": 0.5068016376531647,
    "precision": 0.20119024872714195,
    "recall": 0.573485831451135,
    "f1": 0.2978787134994363,
    "roc_auc": 0.5327038836635165,
    "precision_recall_auc": 0.4262425307772509,
    "fbeta_0.5": 0.23120957981738824,
    "fbeta_2": 0.41857436151655303,
    "fbeta_3": 0.4839352842499685,
    "fbeta_4": 0.5171893084337064
}{'bootstrap': True, 'ccp_alpha': 0.0, 'class_weight': None, 'criterion': 'gini', 'max_depth': None, 'max_features': 'sqrt', 'max_leaf_nodes': None, 'max_samples': None, 'min_impurity_decrease': 0.0, 'min_samples_leaf': 5, 'min_samples_split': 2, 'min_weight_fraction_leaf': 0.0, 'n_estimators': 100, 'n_jobs': None, 'oob_score': False, 'random_state': None, 'verbose': 0, 'warm_start': False}