{
    "accuracy": 0.5862010467492942,
    "precision": 0.08038055676320896,
    "recall": 0.47629581080343003,
    "f1": 0.13754822258295601,
    "roc_auc": 0.5353388850421448,
    "precision_recall_auc": 0.2964790843862819,
    "fbeta_0.5": 0.09640819009897489,
    "fbeta_2": 0.23993517719425844,
    "fbeta_3": 0.31911526219073,
    "fbeta_4": 0.36929716578683514
}{'C': 1.0, 'class_weight': None, 'dual': False, 'fit_intercept': True, 'intercept_scaling': 1, 'l1_ratio': None, 'max_iter': 100, 'multi_class': 'auto', 'n_jobs': None, 'penalty': 'l2', 'random_state': 0, 'solver': 'saga', 'tol': 0.0001, 'verbose': 0, 'warm_start': False}