{
    "accuracy": 0.5541685507271055,
    "precision": 0.12943034130936476,
    "recall": 0.4810477510635247,
    "f1": 0.20397840769107778,
    "roc_auc": 0.5225344495909673,
    "precision_recall_auc": 0.33605029265560504,
    "fbeta_0.5": 0.1515911751228197,
    "fbeta_2": 0.31169453275070697,
    "fbeta_3": 0.37828171162284085,
    "fbeta_4": 0.4147667201177451
}{'ccp_alpha': 0.0, 'class_weight': None, 'criterion': 'gini', 'max_depth': None, 'max_features': None, 'max_leaf_nodes': None, 'min_impurity_decrease': 0.0, 'min_samples_leaf': 1, 'min_samples_split': 2, 'min_weight_fraction_leaf': 0.0, 'random_state': 0, 'splitter': 'best'}