{
    "accuracy": 0.6121345474565657,
    "precision": 0.0821805189112293,
    "recall": 0.452245707939629,
    "f1": 0.13908668806490582,
    "roc_auc": 0.5381408751743405,
    "precision_recall_auc": 0.28618709983244545,
    "fbeta_0.5": 0.09826170473505871,
    "fbeta_2": 0.2379469917649392,
    "fbeta_3": 0.31182742381628165,
    "fbeta_4": 0.3575384631015423
}{'ccp_alpha': 0.0, 'class_weight': None, 'criterion': 'gini', 'max_depth': None, 'max_features': None, 'max_leaf_nodes': None, 'min_impurity_decrease': 0.0, 'min_samples_leaf': 1, 'min_samples_split': 2, 'min_weight_fraction_leaf': 0.0, 'random_state': 0, 'splitter': 'best'}