{
    "accuracy": 0.43383715789719307,
    "precision": 0.10341156811685172,
    "recall": 0.6516556645375097,
    "f1": 0.17849730786265158,
    "roc_auc": 0.5313952997461905,
    "precision_recall_auc": 0.39397334436660375,
    "fbeta_0.5": 0.12433188756232404,
    "fbeta_2": 0.31628936267362645,
    "fbeta_3": 0.4258749185644996,
    "fbeta_4": 0.4967427959226229
}{'activation': 'relu', 'alpha': 0.0001, 'batch_size': 100, 'beta_1': 0.9, 'beta_2': 0.999, 'early_stopping': False, 'epsilon': 1e-08, 'hidden_layer_sizes': (30,), 'learning_rate': 'constant', 'learning_rate_init': 0.001, 'max_fun': 15000, 'max_iter': 200, 'momentum': 0.9, 'n_iter_no_change': 10, 'nesterovs_momentum': True, 'power_t': 0.5, 'random_state': None, 'shuffle': True, 'solver': 'adam', 'tol': 0.0001, 'validation_fraction': 0.1, 'verbose': False, 'warm_start': False}