{
    "accuracy": 0.5525692277906324,
    "precision": 0.12748532995976014,
    "recall": 0.4736495493629474,
    "f1": 0.200897905487901,
    "roc_auc": 0.5184263696640912,
    "precision_recall_auc": 0.33181793235498314,
    "fbeta_0.5": 0.14930977941134616,
    "fbeta_2": 0.30695368865521083,
    "fbeta_3": 0.3725028778408759,
    "fbeta_4": 0.4084153808315817
}{'alpha': 0, 'class_prior': None, 'fit_prior': True, 'force_alpha': True}