{
    "accuracy": 0.5046538657766965,
    "precision": 0.24072790783529963,
    "recall": 0.5411759840077204,
    "f1": 0.3332280699967233,
    "roc_auc": 0.5174996744623475,
    "precision_recall_auc": 0.44342310797214973,
    "fbeta_0.5": 0.2707957881514925,
    "fbeta_2": 0.4330737154918551,
    "fbeta_3": 0.48112736241965115,
    "fbeta_4": 0.5041621317705941
}{'C': 1.0, 'class_weight': None, 'dual': False, 'fit_intercept': True, 'intercept_scaling': 1, 'l1_ratio': None, 'max_iter': 100, 'multi_class': 'auto', 'n_jobs': None, 'penalty': 'l2', 'random_state': 0, 'solver': 'saga', 'tol': 0.0001, 'verbose': 0, 'warm_start': False}