{
    "accuracy": 0.489054160667629,
    "precision": 0.13405737453751046,
    "recall": 0.5546633785940507,
    "f1": 0.21592703849369793,
    "roc_auc": 0.517093270760905,
    "precision_recall_auc": 0.372604255655453,
    "fbeta_0.5": 0.15802348821693804,
    "fbeta_2": 0.3408066817172306,
    "fbeta_3": 0.4221983378494982,
    "fbeta_4": 0.4682445175971916
}{'alpha': 0.2, 'class_prior': None, 'fit_prior': True, 'force_alpha': True, 'norm': False}