{
    "accuracy": 0.5602599782678752,
    "precision": 0.12911692354326487,
    "recall": 0.4705479342924972,
    "f1": 0.2026321898360285,
    "roc_auc": 0.5214480412362255,
    "precision_recall_auc": 0.3312670707824292,
    "fbeta_0.5": 0.15103525093443465,
    "fbeta_2": 0.3077747702431935,
    "fbeta_3": 0.37214071109920105,
    "fbeta_4": 0.4072067926601377
}{'activation': 'relu', 'alpha': 0.0001, 'batch_size': 200, 'beta_1': 0.9, 'beta_2': 0.999, 'early_stopping': False, 'epsilon': 1e-08, 'hidden_layer_sizes': (15,), 'learning_rate': 'constant', 'learning_rate_init': 0.001, 'max_fun': 15000, 'max_iter': 200, 'momentum': 0.9, 'n_iter_no_change': 10, 'nesterovs_momentum': True, 'power_t': 0.5, 'random_state': None, 'shuffle': True, 'solver': 'adam', 'tol': 0.0001, 'validation_fraction': 0.1, 'verbose': False, 'warm_start': False}