{
    "accuracy": 0.5610199089218382,
    "precision": 0.1402933485661793,
    "recall": 0.47988624329417146,
    "f1": 0.21711403885648475,
    "roc_auc": 0.5263461869250842,
    "precision_recall_auc": 0.3430761468188528,
    "fbeta_0.5": 0.16342265140891926,
    "fbeta_2": 0.3233477006199619,
    "fbeta_3": 0.3863634362168086,
    "fbeta_4": 0.42007299896085154
}{'ccp_alpha': 0.0, 'class_weight': None, 'criterion': 'gini', 'max_depth': None, 'max_features': None, 'max_leaf_nodes': None, 'min_impurity_decrease': 0.0, 'min_samples_leaf': 1, 'min_samples_split': 2, 'min_weight_fraction_leaf': 0.0, 'random_state': 0, 'splitter': 'best'}