{
    "accuracy": 0.48096042621704,
    "precision": 0.2428830104879599,
    "recall": 0.5995257461914938,
    "f1": 0.34571012455759315,
    "roc_auc": 0.5226630297602004,
    "precision_recall_auc": 0.46700265553594217,
    "fbeta_0.5": 0.27568229888706675,
    "fbeta_2": 0.46342858677438287,
    "fbeta_3": 0.5227644512575698,
    "fbeta_4": 0.5518590054339962
}{'activation': 'relu', 'alpha': 0.0001, 'batch_size': 200, 'beta_1': 0.9, 'beta_2': 0.999, 'early_stopping': False, 'epsilon': 1e-08, 'hidden_layer_sizes': (20,), 'learning_rate': 'constant', 'learning_rate_init': 0.001, 'max_fun': 15000, 'max_iter': 200, 'momentum': 0.9, 'n_iter_no_change': 10, 'nesterovs_momentum': True, 'power_t': 0.5, 'random_state': None, 'shuffle': True, 'solver': 'adam', 'tol': 0.0001, 'validation_fraction': 0.1, 'verbose': False, 'warm_start': False}