{
    "accuracy": 0.4845235865447498,
    "precision": 0.24347866313581554,
    "recall": 0.5949982766940098,
    "f1": 0.34555365352557893,
    "roc_auc": 0.5233804985476924,
    "precision_recall_auc": 0.46555450899237577,
    "fbeta_0.5": 0.27610242778110583,
    "fbeta_2": 0.4616871410703458,
    "fbeta_3": 0.5199334611616637,
    "fbeta_4": 0.5484230050666138
}{'bootstrap': True, 'ccp_alpha': 0.0, 'class_weight': None, 'criterion': 'gini', 'max_depth': None, 'max_features': 'sqrt', 'max_leaf_nodes': None, 'max_samples': None, 'min_impurity_decrease': 0.0, 'min_samples_leaf': 5, 'min_samples_split': 2, 'min_weight_fraction_leaf': 0.0, 'n_estimators': 100, 'n_jobs': None, 'oob_score': False, 'random_state': None, 'verbose': 0, 'warm_start': False}