{
    "accuracy": 0.5542063895978422,
    "precision": 0.1294266110441793,
    "recall": 0.48097339727758925,
    "f1": 0.20396709031245286,
    "roc_auc": 0.5225237507834479,
    "precision_recall_auc": 0.33601566516496395,
    "fbeta_0.5": 0.15158560464013107,
    "fbeta_2": 0.31166523157908504,
    "fbeta_3": 0.37823714310296297,
    "fbeta_4": 0.41471244155641956
}{'bootstrap': True, 'ccp_alpha': 0.0, 'class_weight': None, 'criterion': 'gini', 'max_depth': None, 'max_features': 'sqrt', 'max_leaf_nodes': None, 'max_samples': None, 'min_impurity_decrease': 0.0, 'min_samples_leaf': 10, 'min_samples_split': 2, 'min_weight_fraction_leaf': 0.0, 'n_estimators': 100, 'n_jobs': None, 'oob_score': False, 'random_state': None, 'verbose': 0, 'warm_start': False}