{
    "accuracy": 0.5278852470983283,
    "precision": 0.3831208821854774,
    "recall": 0.5734785104273564,
    "f1": 0.4593596745430228,
    "roc_auc": 0.5384208118814363,
    "precision_recall_auc": 0.55288543249154,
    "fbeta_0.5": 0.4103637028942397,
    "fbeta_2": 0.5216418642474948,
    "fbeta_3": 0.5463333642642205,
    "fbeta_4": 0.5571933710225291
}{'bootstrap': True, 'ccp_alpha': 0.0, 'class_weight': None, 'criterion': 'gini', 'max_depth': None, 'max_features': 'sqrt', 'max_leaf_nodes': None, 'max_samples': None, 'min_impurity_decrease': 0.0, 'min_samples_leaf': 10, 'min_samples_split': 2, 'min_weight_fraction_leaf': 0.0, 'n_estimators': 100, 'n_jobs': None, 'oob_score': False, 'random_state': None, 'verbose': 0, 'warm_start': False}