{
    "accuracy": 0.530697229958182,
    "precision": 0.35837059338980387,
    "recall": 0.5791260461485395,
    "f1": 0.44275730931247703,
    "roc_auc": 0.5434148790762694,
    "precision_recall_auc": 0.5364958453173208,
    "fbeta_0.5": 0.3879466555106667,
    "fbeta_2": 0.5156038869098032,
    "fbeta_3": 0.5455220166871594,
    "fbeta_4": 0.5588751182572742
}{'bootstrap': True, 'ccp_alpha': 0.0, 'class_weight': None, 'criterion': 'gini', 'max_depth': None, 'max_features': 'sqrt', 'max_leaf_nodes': None, 'max_samples': None, 'min_impurity_decrease': 0.0, 'min_samples_leaf': 5, 'min_samples_split': 2, 'min_weight_fraction_leaf': 0.0, 'n_estimators': 100, 'n_jobs': None, 'oob_score': False, 'random_state': None, 'verbose': 0, 'warm_start': False}