{
    "accuracy": 0.5625845462268024,
    "precision": 0.14437650022097118,
    "recall": 0.4970193555443964,
    "f1": 0.22375546848507435,
    "roc_auc": 0.5345642518545649,
    "precision_recall_auc": 0.3525976725333711,
    "fbeta_0.5": 0.16825197098484104,
    "fbeta_2": 0.33390517341584935,
    "fbeta_3": 0.39945224462623924,
    "fbeta_4": 0.43457987660893993
}{'activation': 'relu', 'alpha': 0.0001, 'batch_size': 200, 'beta_1': 0.9, 'beta_2': 0.999, 'early_stopping': False, 'epsilon': 1e-08, 'hidden_layer_sizes': (20,), 'learning_rate': 'constant', 'learning_rate_init': 0.001, 'max_fun': 15000, 'max_iter': 200, 'momentum': 0.9, 'n_iter_no_change': 10, 'nesterovs_momentum': True, 'power_t': 0.5, 'random_state': None, 'shuffle': True, 'solver': 'adam', 'tol': 0.0001, 'validation_fraction': 0.1, 'verbose': False, 'warm_start': False}