{
    "accuracy": 0.49143296434127887,
    "precision": 0.10781559775468769,
    "recall": 0.6031616644840581,
    "f1": 0.1829319694255538,
    "roc_auc": 0.5414748296779675,
    "precision_recall_auc": 0.37421698019052324,
    "fbeta_0.5": 0.1290045809101687,
    "fbeta_2": 0.3143306415445427,
    "fbeta_3": 0.4132834503495838,
    "fbeta_4": 0.4748340649779641
}{'C': 1.0, 'class_weight': None, 'dual': False, 'fit_intercept': True, 'intercept_scaling': 1, 'l1_ratio': None, 'max_iter': 100, 'multi_class': 'auto', 'n_jobs': None, 'penalty': 'l2', 'random_state': 0, 'solver': 'saga', 'tol': 0.0001, 'verbose': 0, 'warm_start': False}