{
    "accuracy": 0.48474431329071416,
    "precision": 0.25070095483491484,
    "recall": 0.6299110774109051,
    "f1": 0.35865807594125904,
    "roc_auc": 0.535803358322197,
    "precision_recall_auc": 0.4826294236898012,
    "fbeta_0.5": 0.285017377784731,
    "fbeta_2": 0.4836095661352006,
    "fbeta_3": 0.5471493045343461,
    "fbeta_4": 0.5784432571841438
}{'alpha': 0.2, 'class_prior': None, 'fit_prior': True, 'force_alpha': True, 'norm': False}