{
    "accuracy": 0.5103082543604569,
    "precision": 0.11248726470617328,
    "recall": 0.6078587273164604,
    "f1": 0.1898431207248415,
    "roc_auc": 0.5539998718674749,
    "precision_recall_auc": 0.37867967236473443,
    "fbeta_0.5": 0.13439162224220716,
    "fbeta_2": 0.323198441434426,
    "fbeta_3": 0.4220127396571462,
    "fbeta_4": 0.4827926894137096
}{'ccp_alpha': 0.0, 'class_weight': None, 'criterion': 'gini', 'max_depth': None, 'max_features': None, 'max_leaf_nodes': None, 'min_impurity_decrease': 0.0, 'min_samples_leaf': 1, 'min_samples_split': 2, 'min_weight_fraction_leaf': 0.0, 'random_state': 0, 'splitter': 'best'}