{
    "accuracy": 0.49373021972723313,
    "precision": 0.14409029471790977,
    "recall": 0.6517280853447646,
    "f1": 0.2360028223672605,
    "roc_auc": 0.5619585502104045,
    "precision_recall_auc": 0.4188021259717457,
    "fbeta_0.5": 0.17067902927657552,
    "fbeta_2": 0.3823325169819193,
    "fbeta_3": 0.48193856084839054,
    "fbeta_4": 0.5398503468369303
}{'bootstrap': True, 'ccp_alpha': 0.0, 'class_weight': None, 'criterion': 'gini', 'max_depth': None, 'max_features': 'sqrt', 'max_leaf_nodes': None, 'max_samples': None, 'min_impurity_decrease': 0.0, 'min_samples_leaf': 5, 'min_samples_split': 2, 'min_weight_fraction_leaf': 0.0, 'n_estimators': 100, 'n_jobs': None, 'oob_score': False, 'random_state': None, 'verbose': 0, 'warm_start': False}