{
    "accuracy": 0.553561381147588,
    "precision": 0.3875371396450654,
    "recall": 0.47506234413965087,
    "f1": 0.42685929092651287,
    "roc_auc": 0.5354414721881771,
    "precision_recall_auc": 0.5231504199499327,
    "fbeta_0.5": 0.40236337765129615,
    "fbeta_2": 0.4545311842675323,
    "fbeta_3": 0.4645700368691098,
    "fbeta_4": 0.4688337539882851
}{'activation': 'relu', 'alpha': 0.0001, 'batch_size': 200, 'beta_1': 0.9, 'beta_2': 0.999, 'early_stopping': False, 'epsilon': 1e-08, 'hidden_layer_sizes': (35, 35), 'learning_rate': 'constant', 'learning_rate_init': 0.001, 'max_fun': 15000, 'max_iter': 200, 'momentum': 0.9, 'n_iter_no_change': 10, 'nesterovs_momentum': True, 'power_t': 0.5, 'random_state': None, 'shuffle': True, 'solver': 'adam', 'tol': 0.0001, 'validation_fraction': 0.1, 'verbose': False, 'warm_start': False}{'hidden_layer_sizes': (35, 35), 'batch_size': 200}