{
    "accuracy": 0.5226837898047438,
    "precision": 0.23584688622648523,
    "recall": 0.5377476495985151,
    "f1": 0.32788780907860743,
    "roc_auc": 0.5281343230040254,
    "precision_recall_auc": 0.4368387653134524,
    "fbeta_0.5": 0.2656781401134719,
    "fbeta_2": 0.4281381915843715,
    "fbeta_3": 0.47672363836682713,
    "fbeta_4": 0.5000916044014259
}{'C': 1.0, 'class_weight': None, 'dual': False, 'fit_intercept': True, 'intercept_scaling': 1, 'l1_ratio': None, 'max_iter': 100, 'multi_class': 'auto', 'n_jobs': None, 'penalty': 'l2', 'random_state': 0, 'solver': 'saga', 'tol': 0.0001, 'verbose': 0, 'warm_start': False}