{
    "accuracy": 0.539934714423513,
    "precision": 0.3586726833989993,
    "recall": 0.5129759978162107,
    "f1": 0.4221665944575491,
    "roc_auc": 0.5330233033088047,
    "precision_recall_auc": 0.5156043371580736,
    "fbeta_0.5": 0.3816316643022301,
    "fbeta_2": 0.47233562777604227,
    "fbeta_3": 0.4918176821813532,
    "fbeta_4": 0.5003148970348221
}{'activation': 'relu', 'alpha': 0.0001, 'batch_size': 200, 'beta_1': 0.9, 'beta_2': 0.999, 'early_stopping': False, 'epsilon': 1e-08, 'hidden_layer_sizes': (30, 30), 'learning_rate': 'constant', 'learning_rate_init': 0.001, 'max_fun': 15000, 'max_iter': 200, 'momentum': 0.9, 'n_iter_no_change': 10, 'nesterovs_momentum': True, 'power_t': 0.5, 'random_state': None, 'shuffle': True, 'solver': 'adam', 'tol': 0.0001, 'validation_fraction': 0.1, 'verbose': False, 'warm_start': False}{'hidden_layer_sizes': (30, 30), 'batch_size': 200}