{
    "accuracy": 0.5083715017598999,
    "precision": 0.343896685069436,
    "recall": 0.5514067892448379,
    "f1": 0.42360377768291135,
    "roc_auc": 0.5194044662952927,
    "precision_recall_auc": 0.5211363388320761,
    "fbeta_0.5": 0.37188702419369685,
    "fbeta_2": 0.492028032375027,
    "fbeta_3": 0.520027877024808,
    "fbeta_4": 0.5325057098488524
}{'alpha': 0.2, 'class_prior': None, 'fit_prior': True, 'force_alpha': True, 'norm': False}{'norm': False, 'force_alpha': True, 'alpha': 0.2}