{
    "accuracy": 0.5443498012492902,
    "precision": 0.23812257237433748,
    "recall": 0.5021587378444902,
    "f1": 0.32305376009137393,
    "roc_auc": 0.5290838737281147,
    "precision_recall_auc": 0.4240348585777229,
    "fbeta_0.5": 0.2661064425770308,
    "fbeta_2": 0.4110109316688133,
    "fbeta_3": 0.4520358868184955,
    "fbeta_4": 0.4714109685800295
}{'activation': 'relu', 'alpha': 0.0001, 'batch_size': 50, 'beta_1': 0.9, 'beta_2': 0.999, 'early_stopping': False, 'epsilon': 1e-08, 'hidden_layer_sizes': (35, 35), 'learning_rate': 'constant', 'learning_rate_init': 0.001, 'max_fun': 15000, 'max_iter': 200, 'momentum': 0.9, 'n_iter_no_change': 10, 'nesterovs_momentum': True, 'power_t': 0.5, 'random_state': None, 'shuffle': True, 'solver': 'adam', 'tol': 0.0001, 'validation_fraction': 0.1, 'verbose': False, 'warm_start': False}{'hidden_layer_sizes': (35, 35), 'batch_size': 50}