{
    "accuracy": 0.5528079908509137,
    "precision": 0.6999316027749731,
    "recall": 0.5842637569781773,
    "f1": 0.63688856178965,
    "roc_auc": 0.5364235667431039,
    "precision_recall_auc": 0.781627329242709,
    "fbeta_0.5": 0.6732737374159322,
    "fbeta_2": 0.6042344208365745,
    "fbeta_3": 0.5940813026110274,
    "fbeta_4": 0.5899991009968168
}{'alpha': 0.2, 'class_prior': None, 'fit_prior': True, 'force_alpha': True, 'norm': False}{'norm': False, 'force_alpha': True, 'alpha': 0.2}