{
    "accuracy": 0.4737389590481057,
    "precision": 0.3010745568398948,
    "recall": 0.716046883084745,
    "f1": 0.4239090624562992,
    "roc_auc": 0.5499908911200674,
    "precision_recall_auc": 0.5469516000752235,
    "fbeta_0.5": 0.3405460463105818,
    "fbeta_2": 0.5613144658968264,
    "fbeta_3": 0.6293089642273176,
    "fbeta_4": 0.6623460401941894
}{'bootstrap': True, 'ccp_alpha': 0.0, 'class_weight': None, 'criterion': 'gini', 'max_depth': None, 'max_features': 'sqrt', 'max_leaf_nodes': None, 'max_samples': None, 'min_impurity_decrease': 0.0, 'min_samples_leaf': 5, 'min_samples_split': 2, 'min_weight_fraction_leaf': 0.0, 'n_estimators': 100, 'n_jobs': None, 'oob_score': False, 'random_state': None, 'verbose': 0, 'warm_start': False}