{
    "accuracy": 0.5474237720182812,
    "precision": 0.13118422812806563,
    "recall": 0.4999867225382258,
    "f1": 0.2078371072091275,
    "roc_auc": 0.5269011788880603,
    "precision_recall_auc": 0.34527227669357924,
    "fbeta_0.5": 0.1538862900265037,
    "fbeta_2": 0.32003932585797545,
    "fbeta_3": 0.3902690992122237,
    "fbeta_4": 0.42903596964926793
}{'ccp_alpha': 0.0, 'class_weight': None, 'criterion': 'gini', 'max_depth': None, 'max_features': None, 'max_leaf_nodes': None, 'min_impurity_decrease': 0.0, 'min_samples_leaf': 1, 'min_samples_split': 2, 'min_weight_fraction_leaf': 0.0, 'random_state': 0, 'splitter': 'best'}