{
    "accuracy": 0.4429134416912462,
    "precision": 0.08931900587864224,
    "recall": 0.6643221014172012,
    "f1": 0.1574664362317016,
    "roc_auc": 0.544204950717633,
    "precision_recall_auc": 0.3899730297920903,
    "fbeta_0.5": 0.10801796687857282,
    "fbeta_2": 0.2904106234815079,
    "fbeta_3": 0.40414702593457896,
    "fbeta_4": 0.48185220323060146
}{'bootstrap': True, 'ccp_alpha': 0.0, 'class_weight': None, 'criterion': 'gini', 'max_depth': None, 'max_features': 'sqrt', 'max_leaf_nodes': None, 'max_samples': None, 'min_impurity_decrease': 0.0, 'min_samples_leaf': 10, 'min_samples_split': 2, 'min_weight_fraction_leaf': 0.0, 'n_estimators': 100, 'n_jobs': None, 'oob_score': False, 'random_state': None, 'verbose': 0, 'warm_start': False}