{
    "accuracy": 0.42453257958302826,
    "precision": 0.13795002346244634,
    "recall": 0.6738145785582531,
    "f1": 0.2290140188179311,
    "roc_auc": 0.5310670824234199,
    "precision_recall_auc": 0.426569442289972,
    "fbeta_0.5": 0.16404147849758463,
    "fbeta_2": 0.37920864939883436,
    "fbeta_3": 0.4853004368688678,
    "fbeta_4": 0.5484860554069892
}{'alpha': 0.2, 'class_prior': None, 'fit_prior': True, 'force_alpha': True, 'norm': False}