{
    "accuracy": 0.45057013718482586,
    "precision": 0.14046195383895574,
    "recall": 0.650779840004773,
    "f1": 0.23105404329571338,
    "roc_auc": 0.5361328382279343,
    "precision_recall_auc": 0.4177689339358477,
    "fbeta_0.5": 0.16658847941622,
    "fbeta_2": 0.37690797930421244,
    "fbeta_3": 0.4773514093667979,
    "fbeta_4": 0.5361887476614254
}{'ccp_alpha': 0.0, 'class_weight': None, 'criterion': 'gini', 'max_depth': None, 'max_features': None, 'max_leaf_nodes': None, 'min_impurity_decrease': 0.0, 'min_samples_leaf': 1, 'min_samples_split': 2, 'min_weight_fraction_leaf': 0.0, 'random_state': 0, 'splitter': 'best'}