{
    "accuracy": 0.4723962284736241,
    "precision": 0.25056657000152627,
    "recall": 0.6563507272351279,
    "f1": 0.36267816468473135,
    "roc_auc": 0.5370979602572913,
    "precision_recall_auc": 0.49275841508942986,
    "fbeta_0.5": 0.2859201942953371,
    "fbeta_2": 0.4957731342537536,
    "fbeta_3": 0.564871656751517,
    "fbeta_4": 0.5992632702065731
}{'alpha': 0.2, 'class_prior': None, 'fit_prior': False, 'force_alpha': True}