{
    "accuracy": 0.47247505945432566,
    "precision": 0.078845572014963,
    "recall": 0.6191581553698545,
    "f1": 0.13987856228438636,
    "roc_auc": 0.5403573516850234,
    "precision_recall_auc": 0.36219407065085096,
    "fbeta_0.5": 0.09551613285557245,
    "fbeta_2": 0.2611865504113812,
    "fbeta_3": 0.3673919583956978,
    "fbeta_4": 0.4412769408374916
}{'activation': 'relu', 'alpha': 0.0001, 'batch_size': 200, 'beta_1': 0.9, 'beta_2': 0.999, 'early_stopping': False, 'epsilon': 1e-08, 'hidden_layer_sizes': (20,), 'learning_rate': 'constant', 'learning_rate_init': 0.001, 'max_fun': 15000, 'max_iter': 200, 'momentum': 0.9, 'n_iter_no_change': 10, 'nesterovs_momentum': True, 'power_t': 0.5, 'random_state': None, 'shuffle': True, 'solver': 'adam', 'tol': 0.0001, 'validation_fraction': 0.1, 'verbose': False, 'warm_start': False}