{
    "accuracy": 0.46766069380092085,
    "precision": 0.10475007712088115,
    "recall": 0.6148408477430045,
    "f1": 0.17900344207462077,
    "roc_auc": 0.533580814901326,
    "precision_recall_auc": 0.37797262528602793,
    "fbeta_0.5": 0.12558848705328485,
    "fbeta_2": 0.3114822128634417,
    "fbeta_3": 0.4134885461848401,
    "fbeta_4": 0.47793719805730145
}{'alpha': 0.2, 'class_prior': None, 'fit_prior': True, 'force_alpha': True, 'norm': False}