{
    "accuracy": 0.39945423735440705,
    "precision": 0.12589769881586513,
    "recall": 0.6827377063981432,
    "f1": 0.2125929821427981,
    "roc_auc": 0.5220105818029895,
    "precision_recall_auc": 0.423154207783677,
    "fbeta_0.5": 0.15043693320797702,
    "fbeta_2": 0.3622736282992314,
    "fbeta_3": 0.4733687719189714,
    "fbeta_4": 0.5417805507440179
}{'alpha': 0, 'class_prior': None, 'fit_prior': True, 'force_alpha': True}