{
    "accuracy": 0.5273981803287062,
    "precision": 0.2570629135162165,
    "recall": 0.564144206245261,
    "f1": 0.3531887384094329,
    "roc_auc": 0.5403227433536697,
    "precision_recall_auc": 0.46044807365440305,
    "fbeta_0.5": 0.2884672594080614,
    "fbeta_2": 0.4553533355470312,
    "fbeta_3": 0.5039442186230371,
    "fbeta_4": 0.5271049619032062
}{'bootstrap': True, 'ccp_alpha': 0.0, 'class_weight': None, 'criterion': 'gini', 'max_depth': None, 'max_features': 'sqrt', 'max_leaf_nodes': None, 'max_samples': None, 'min_impurity_decrease': 0.0, 'min_samples_leaf': 5, 'min_samples_split': 2, 'min_weight_fraction_leaf': 0.0, 'n_estimators': 100, 'n_jobs': None, 'oob_score': False, 'random_state': None, 'verbose': 0, 'warm_start': False}