{
    "accuracy": 0.4481244848395411,
    "precision": 0.13088778136809245,
    "recall": 0.5941103062183353,
    "f1": 0.21451582066295,
    "roc_auc": 0.5105137747452344,
    "precision_recall_auc": 0.3882411428793421,
    "fbeta_0.5": 0.15506895918977007,
    "fbeta_2": 0.34787717310422167,
    "fbeta_3": 0.43881138205351267,
    "fbeta_4": 0.4917393802925457
}{'alpha': 0.2, 'class_prior': None, 'fit_prior': True, 'force_alpha': True, 'norm': False}