{
    "accuracy": 0.5468902439408931,
    "precision": 0.08278047182085779,
    "recall": 0.5496295082564131,
    "f1": 0.14388953828518863,
    "roc_auc": 0.5481579260797426,
    "precision_recall_auc": 0.33180564111947125,
    "fbeta_0.5": 0.09972081672668513,
    "fbeta_2": 0.2582941693339254,
    "fbeta_3": 0.3514344268258683,
    "fbeta_4": 0.41271489808612694
}{'bootstrap': True, 'ccp_alpha': 0.0, 'class_weight': None, 'criterion': 'gini', 'max_depth': None, 'max_features': 'sqrt', 'max_leaf_nodes': None, 'max_samples': None, 'min_impurity_decrease': 0.0, 'min_samples_leaf': 10, 'min_samples_split': 2, 'min_weight_fraction_leaf': 0.0, 'n_estimators': 100, 'n_jobs': None, 'oob_score': False, 'random_state': None, 'verbose': 0, 'warm_start': False}