{
    "accuracy": 0.548719122693169,
    "precision": 0.13282612207608446,
    "recall": 0.5065351666852551,
    "f1": 0.21046348306858517,
    "roc_auc": 0.5304691645852656,
    "precision_recall_auc": 0.3489786513442833,
    "fbeta_0.5": 0.1558178250690663,
    "fbeta_2": 0.32414015769439913,
    "fbeta_3": 0.39531302781801714,
    "fbeta_4": 0.43460715346420525
}{'ccp_alpha': 0.0, 'class_weight': None, 'criterion': 'gini', 'max_depth': None, 'max_features': None, 'max_leaf_nodes': None, 'min_impurity_decrease': 0.0, 'min_samples_leaf': 1, 'min_samples_split': 2, 'min_weight_fraction_leaf': 0.0, 'random_state': 0, 'splitter': 'best'}