{
    "accuracy": 0.5557426477497539,
    "precision": 0.13116836901670528,
    "recall": 0.48744748763868306,
    "f1": 0.20671210169277757,
    "roc_auc": 0.5261962531260307,
    "precision_recall_auc": 0.3397392094698731,
    "fbeta_0.5": 0.1536255948365758,
    "fbeta_2": 0.3158599328916803,
    "fbeta_3": 0.38332804303518325,
    "fbeta_4": 0.4202944070631404
}{'activation': 'relu', 'alpha': 0.0001, 'batch_size': 200, 'beta_1': 0.9, 'beta_2': 0.999, 'early_stopping': False, 'epsilon': 1e-08, 'hidden_layer_sizes': (15,), 'learning_rate': 'constant', 'learning_rate_init': 0.001, 'max_fun': 15000, 'max_iter': 200, 'momentum': 0.9, 'n_iter_no_change': 10, 'nesterovs_momentum': True, 'power_t': 0.5, 'random_state': None, 'shuffle': True, 'solver': 'adam', 'tol': 0.0001, 'validation_fraction': 0.1, 'verbose': False, 'warm_start': False}