{
    "accuracy": 0.4411665471588999,
    "precision": 0.0822076012007322,
    "recall": 0.6032158636396558,
    "f1": 0.14469574416333023,
    "roc_auc": 0.515301948291569,
    "precision_recall_auc": 0.35825846311022996,
    "fbeta_0.5": 0.09937378144317432,
    "fbeta_2": 0.26602182120693096,
    "fbeta_3": 0.3692168101401502,
    "fbeta_4": 0.4394033492636523
}{'alpha': 0.2, 'class_prior': None, 'fit_prior': True, 'force_alpha': True, 'norm': False}