{
    "accuracy": 0.5418274030363172,
    "precision": 0.09199230394016585,
    "recall": 0.5463910058828737,
    "f1": 0.1574720601554681,
    "roc_auc": 0.5439151904765056,
    "precision_recall_auc": 0.33696488782049017,
    "fbeta_0.5": 0.11034582740517467,
    "fbeta_2": 0.27485757961453383,
    "fbeta_3": 0.3657350820498704,
    "fbeta_4": 0.4233749446112221
}{'ccp_alpha': 0.0, 'class_weight': None, 'criterion': 'gini', 'max_depth': None, 'max_features': None, 'max_leaf_nodes': None, 'min_impurity_decrease': 0.0, 'min_samples_leaf': 1, 'min_samples_split': 2, 'min_weight_fraction_leaf': 0.0, 'random_state': 0, 'splitter': 'best'}