{
    "accuracy": 0.5409362976304668,
    "precision": 0.14299887639383413,
    "recall": 0.5245586209982549,
    "f1": 0.22473358084806816,
    "roc_auc": 0.5339370451980165,
    "precision_recall_auc": 0.3639319141383084,
    "fbeta_0.5": 0.16734378206940043,
    "fbeta_2": 0.34203187780542,
    "fbeta_3": 0.4140727838736694,
    "fbeta_4": 0.45339504370561545
}{'ccp_alpha': 0.0, 'class_weight': None, 'criterion': 'gini', 'max_depth': None, 'max_features': None, 'max_leaf_nodes': None, 'min_impurity_decrease': 0.0, 'min_samples_leaf': 1, 'min_samples_split': 2, 'min_weight_fraction_leaf': 0.0, 'random_state': 0, 'splitter': 'best'}