{
    "accuracy": 0.5307948496251744,
    "precision": 0.13992183893408044,
    "recall": 0.5244194082463668,
    "f1": 0.22090372466252475,
    "roc_auc": 0.5280702065283143,
    "precision_recall_auc": 0.3623326181023261,
    "fbeta_0.5": 0.16396528711996447,
    "fbeta_2": 0.33842482314650346,
    "fbeta_3": 0.41137563196980353,
    "fbeta_4": 0.4514459491168512
}{'activation': 'relu', 'alpha': 0.0001, 'batch_size': 200, 'beta_1': 0.9, 'beta_2': 0.999, 'early_stopping': False, 'epsilon': 1e-08, 'hidden_layer_sizes': (20,), 'learning_rate': 'constant', 'learning_rate_init': 0.001, 'max_fun': 15000, 'max_iter': 200, 'momentum': 0.9, 'n_iter_no_change': 10, 'nesterovs_momentum': True, 'power_t': 0.5, 'random_state': None, 'shuffle': True, 'solver': 'adam', 'tol': 0.0001, 'validation_fraction': 0.1, 'verbose': False, 'warm_start': False}