{
    "accuracy": 0.537299982152666,
    "precision": 0.0934638665529971,
    "recall": 0.5637821002905222,
    "f1": 0.16034561684596016,
    "roc_auc": 0.5494151980241618,
    "precision_recall_auc": 0.34571480133354593,
    "fbeta_0.5": 0.11218050853455794,
    "fbeta_2": 0.2809894615414852,
    "fbeta_3": 0.3750524661218756,
    "fbeta_4": 0.43501535056078405
}{'activation': 'relu', 'alpha': 0.0001, 'batch_size': 200, 'beta_1': 0.9, 'beta_2': 0.999, 'early_stopping': False, 'epsilon': 1e-08, 'hidden_layer_sizes': (20,), 'learning_rate': 'constant', 'learning_rate_init': 0.001, 'max_fun': 15000, 'max_iter': 200, 'momentum': 0.9, 'n_iter_no_change': 10, 'nesterovs_momentum': True, 'power_t': 0.5, 'random_state': None, 'shuffle': True, 'solver': 'adam', 'tol': 0.0001, 'validation_fraction': 0.1, 'verbose': False, 'warm_start': False}