{
    "accuracy": 0.5169048308255622,
    "precision": 0.09111146506960593,
    "recall": 0.5754271320387255,
    "f1": 0.15731424787191675,
    "roc_auc": 0.5436780031527653,
    "precision_recall_auc": 0.34990484274965145,
    "fbeta_0.5": 0.10955276449817504,
    "fbeta_2": 0.27891007332594275,
    "fbeta_3": 0.37571212533616105,
    "fbeta_4": 0.43835900002848976
}{'C': 1.0, 'class_weight': None, 'dual': False, 'fit_intercept': True, 'intercept_scaling': 1, 'l1_ratio': None, 'max_iter': 100, 'multi_class': 'auto', 'n_jobs': None, 'penalty': 'l2', 'random_state': 0, 'solver': 'saga', 'tol': 0.0001, 'verbose': 0, 'warm_start': False}