{
    "accuracy": 0.5439608846980237,
    "precision": 0.11097091066970585,
    "recall": 0.5464762006574552,
    "f1": 0.18448012197927616,
    "roc_auc": 0.5450874627604217,
    "precision_recall_auc": 0.35012711289581844,
    "fbeta_0.5": 0.1320118483014551,
    "fbeta_2": 0.30616629932200956,
    "fbeta_3": 0.3924566181649979,
    "fbeta_4": 0.44398172510511763
}{'activation': 'relu', 'alpha': 0.0001, 'batch_size': 100, 'beta_1': 0.9, 'beta_2': 0.999, 'early_stopping': False, 'epsilon': 1e-08, 'hidden_layer_sizes': (30,), 'learning_rate': 'constant', 'learning_rate_init': 0.001, 'max_fun': 15000, 'max_iter': 200, 'momentum': 0.9, 'n_iter_no_change': 10, 'nesterovs_momentum': True, 'power_t': 0.5, 'random_state': None, 'shuffle': True, 'solver': 'adam', 'tol': 0.0001, 'validation_fraction': 0.1, 'verbose': False, 'warm_start': False}