{
    "accuracy": 0.4438840087256436,
    "precision": 0.13876382193295844,
    "recall": 0.6500141698693886,
    "f1": 0.22870427790601358,
    "roc_auc": 0.5319769088473296,
    "precision_recall_auc": 0.4165855927992691,
    "fbeta_0.5": 0.16466659730932123,
    "fbeta_2": 0.3742458575840191,
    "fbeta_3": 0.47500654897049455,
    "fbeta_4": 0.5342327326814829
}{'alpha': 0.2, 'class_prior': None, 'fit_prior': False, 'force_alpha': True}