{
    "accuracy": 0.5009834953152325,
    "precision": 0.09377820489865421,
    "recall": 0.6196090424033671,
    "f1": 0.162901212364852,
    "roc_auc": 0.5552531010682783,
    "precision_recall_auc": 0.3715980395102904,
    "fbeta_0.5": 0.11294903004844402,
    "fbeta_2": 0.29207070818194025,
    "fbeta_3": 0.39700267927306926,
    "fbeta_4": 0.46592966899181065
}{'bootstrap': True, 'ccp_alpha': 0.0, 'class_weight': None, 'criterion': 'gini', 'max_depth': None, 'max_features': 'sqrt', 'max_leaf_nodes': None, 'max_samples': None, 'min_impurity_decrease': 0.0, 'min_samples_leaf': 10, 'min_samples_split': 2, 'min_weight_fraction_leaf': 0.0, 'n_estimators': 100, 'n_jobs': None, 'oob_score': False, 'random_state': None, 'verbose': 0, 'warm_start': False}