{
    "accuracy": 0.5746419023870651,
    "precision": 0.08541571212067811,
    "recall": 0.5294663826533399,
    "f1": 0.14710055310657735,
    "roc_auc": 0.5537354863266598,
    "precision_recall_auc": 0.32374014095686054,
    "fbeta_0.5": 0.1026304478092306,
    "fbeta_2": 0.25957542521742855,
    "fbeta_3": 0.3483629385531474,
    "fbeta_4": 0.4054709720595617
}{'bootstrap': True, 'ccp_alpha': 0.0, 'class_weight': None, 'criterion': 'gini', 'max_depth': None, 'max_features': 'sqrt', 'max_leaf_nodes': None, 'max_samples': None, 'min_impurity_decrease': 0.0, 'min_samples_leaf': 10, 'min_samples_split': 2, 'min_weight_fraction_leaf': 0.0, 'n_estimators': 100, 'n_jobs': None, 'oob_score': False, 'random_state': None, 'verbose': 0, 'warm_start': False}