{
    "accuracy": 0.5485343428744046,
    "precision": 0.13469221576124513,
    "recall": 0.5165623058171216,
    "f1": 0.21367044448496378,
    "roc_auc": 0.5347023462544033,
    "precision_recall_auc": 0.3543299361865388,
    "fbeta_0.5": 0.15806172830277232,
    "fbeta_2": 0.32964496644340796,
    "fbeta_3": 0.40245970354787536,
    "fbeta_4": 0.44272756020035686
}{'bootstrap': True, 'ccp_alpha': 0.0, 'class_weight': None, 'criterion': 'gini', 'max_depth': None, 'max_features': 'sqrt', 'max_leaf_nodes': None, 'max_samples': None, 'min_impurity_decrease': 0.0, 'min_samples_leaf': 10, 'min_samples_split': 2, 'min_weight_fraction_leaf': 0.0, 'n_estimators': 100, 'n_jobs': None, 'oob_score': False, 'random_state': None, 'verbose': 0, 'warm_start': False}