{
    "accuracy": 0.43447032833418786,
    "precision": 0.08776219633893703,
    "recall": 0.6617468352392986,
    "f1": 0.15497173011684887,
    "roc_auc": 0.5384462991889809,
    "precision_recall_auc": 0.3880078955885844,
    "fbeta_0.5": 0.10618222050850419,
    "fbeta_2": 0.28671310627715785,
    "fbeta_3": 0.4000832979771047,
    "fbeta_4": 0.47789243731378744
}{'alpha': 0.2, 'class_prior': None, 'fit_prior': False, 'force_alpha': True}