{
    "accuracy": 0.5199110453919819,
    "precision": 0.18649168219984924,
    "recall": 0.5601460212713679,
    "f1": 0.27982131976135055,
    "roc_auc": 0.5360096768465604,
    "precision_recall_auc": 0.4099381090639896,
    "fbeta_0.5": 0.215202539600342,
    "fbeta_2": 0.39989875980764367,
    "fbeta_3": 0.46664843897353725,
    "fbeta_4": 0.501088395039837
}{'bootstrap': True, 'ccp_alpha': 0.0, 'class_weight': None, 'criterion': 'gini', 'max_depth': None, 'max_features': 'sqrt', 'max_leaf_nodes': None, 'max_samples': None, 'min_impurity_decrease': 0.0, 'min_samples_leaf': 5, 'min_samples_split': 2, 'min_weight_fraction_leaf': 0.0, 'n_estimators': 100, 'n_jobs': None, 'oob_score': False, 'random_state': None, 'verbose': 0, 'warm_start': False}