{
    "accuracy": 0.6042807845192854,
    "precision": 0.2212052804632674,
    "recall": 0.3993886230728336,
    "f1": 0.28471717777847966,
    "roc_auc": 0.5269988940399808,
    "precision_recall_auc": 0.3695159270006544,
    "fbeta_0.5": 0.2428766946138759,
    "fbeta_2": 0.3439736878252774,
    "fbeta_3": 0.36961566530819756,
    "fbeta_4": 0.3813205077804263
}{'activation': 'relu', 'alpha': 0.0001, 'batch_size': 100, 'beta_1': 0.9, 'beta_2': 0.999, 'early_stopping': False, 'epsilon': 1e-08, 'hidden_layer_sizes': (30,), 'learning_rate': 'constant', 'learning_rate_init': 0.001, 'max_fun': 15000, 'max_iter': 200, 'momentum': 0.9, 'n_iter_no_change': 10, 'nesterovs_momentum': True, 'power_t': 0.5, 'random_state': None, 'shuffle': True, 'solver': 'adam', 'tol': 0.0001, 'validation_fraction': 0.1, 'verbose': False, 'warm_start': False}{'hidden_layer_sizes': (30,), 'batch_size': 100}