{
    "accuracy": 0.5551915432665007,
    "precision": 0.21801938038482202,
    "recall": 0.4854244196349459,
    "f1": 0.30089662085158386,
    "roc_auc": 0.5288765531298036,
    "precision_recall_auc": 0.40245793285835296,
    "fbeta_0.5": 0.2450134168157424,
    "fbeta_2": 0.38980397737379485,
    "fbeta_3": 0.43239083680274654,
    "fbeta_4": 0.45275869025714066
}{'activation': 'relu', 'alpha': 0.0001, 'batch_size': 100, 'beta_1': 0.9, 'beta_2': 0.999, 'early_stopping': False, 'epsilon': 1e-08, 'hidden_layer_sizes': (35, 35), 'learning_rate': 'constant', 'learning_rate_init': 0.001, 'max_fun': 15000, 'max_iter': 200, 'momentum': 0.9, 'n_iter_no_change': 10, 'nesterovs_momentum': True, 'power_t': 0.5, 'random_state': None, 'shuffle': True, 'solver': 'adam', 'tol': 0.0001, 'validation_fraction': 0.1, 'verbose': False, 'warm_start': False}{'hidden_layer_sizes': (35, 35), 'batch_size': 100}