{
    "accuracy": 0.5796580187683325,
    "precision": 0.30042793435912374,
    "recall": 0.30042793435912374,
    "f1": 0.30042793435912374,
    "roc_auc": 0.5,
    "precision_recall_auc": 0.30042793435912374,
    "fbeta_0.5": 0.30042793435912374,
    "fbeta_2": 0.30042793435912374,
    "fbeta_3": 0.30042793435912374,
    "fbeta_4": 0.3004279343591238
}