{
    "accuracy": 0.5587694965569263,
    "precision": 0.24612143010521795,
    "recall": 0.5285166719502002,
    "f1": 0.3358452903095842,
    "roc_auc": 0.5476902384494811,
    "precision_recall_auc": 0.43707937416565107,
    "fbeta_0.5": 0.2755697271500569,
    "fbeta_2": 0.4298713597239672,
    "fbeta_3": 0.474117315532713,
    "fbeta_4": 0.49510081054985255
}{'bootstrap': True, 'ccp_alpha': 0.0, 'class_weight': None, 'criterion': 'gini', 'max_depth': None, 'max_features': 'sqrt', 'max_leaf_nodes': None, 'max_samples': None, 'min_impurity_decrease': 0.0, 'min_samples_leaf': 10, 'min_samples_split': 2, 'min_weight_fraction_leaf': 0.0, 'n_estimators': 100, 'n_jobs': None, 'oob_score': False, 'random_state': None, 'verbose': 0, 'warm_start': False}