{
    "accuracy": 0.544334136311653,
    "precision": 0.3910475403886824,
    "recall": 0.5435270380742003,
    "f1": 0.45484847602689876,
    "roc_auc": 0.5441476342903862,
    "precision_recall_auc": 0.5471106340011326,
    "fbeta_0.5": 0.414292418935294,
    "fbeta_2": 0.5042064262963764,
    "fbeta_3": 0.5231288963887047,
    "fbeta_4": 0.5313397992996592
}{'bootstrap': True, 'ccp_alpha': 0.0, 'class_weight': None, 'criterion': 'gini', 'max_depth': None, 'max_features': 'sqrt', 'max_leaf_nodes': None, 'max_samples': None, 'min_impurity_decrease': 0.0, 'min_samples_leaf': 10, 'min_samples_split': 2, 'min_weight_fraction_leaf': 0.0, 'n_estimators': 100, 'n_jobs': None, 'oob_score': False, 'random_state': None, 'verbose': 0, 'warm_start': False}