{
    "accuracy": 0.5486410200257926,
    "precision": 0.42777982070172327,
    "recall": 0.537137580206028,
    "f1": 0.47626173501799957,
    "roc_auc": 0.5464455583962973,
    "precision_recall_auc": 0.5708806047291268,
    "fbeta_0.5": 0.445937836244478,
    "fbeta_2": 0.5110106001072431,
    "fbeta_3": 0.5237484591524019,
    "fbeta_4": 0.5291799497128095
}{'bootstrap': True, 'ccp_alpha': 0.0, 'class_weight': None, 'criterion': 'gini', 'max_depth': None, 'max_features': 'sqrt', 'max_leaf_nodes': None, 'max_samples': None, 'min_impurity_decrease': 0.0, 'min_samples_leaf': 5, 'min_samples_split': 2, 'min_weight_fraction_leaf': 0.0, 'n_estimators': 100, 'n_jobs': None, 'oob_score': False, 'random_state': None, 'verbose': 0, 'warm_start': False}