{
    "accuracy": 0.57366717765287,
    "precision": 0.7300518845283537,
    "recall": 0.5789259044442834,
    "f1": 0.645764887842059,
    "roc_auc": 0.5709280547312083,
    "precision_recall_auc": 0.7958100371487999,
    "fbeta_0.5": 0.6938277665786181,
    "fbeta_2": 0.6039294506483537,
    "fbeta_3": 0.5911634113703709,
    "fbeta_4": 0.5860623225181139
}{'bootstrap': True, 'ccp_alpha': 0.0, 'class_weight': None, 'criterion': 'gini', 'max_depth': None, 'max_features': 'sqrt', 'max_leaf_nodes': None, 'max_samples': None, 'min_impurity_decrease': 0.0, 'min_samples_leaf': 5, 'min_samples_split': 2, 'min_weight_fraction_leaf': 0.0, 'n_estimators': 100, 'n_jobs': None, 'oob_score': False, 'random_state': None, 'verbose': 0, 'warm_start': False}