{
    "accuracy": 0.6555536535085483,
    "precision": 0.4590017825311943,
    "recall": 0.019124972811238376,
    "f1": 0.03671995558973471,
    "roc_auc": 0.5036712272096256,
    "precision_recall_auc": 0.40741760519326997,
    "fbeta_0.5": 0.08196423130965427,
    "fbeta_2": 0.023659761472851325,
    "fbeta_3": 0.021152044179315356,
    "fbeta_4": 0.020267503933784112
}{'activation': 'relu', 'alpha': 0.0001, 'batch_size': 1, 'beta_1': 0.9, 'beta_2': 0.999, 'early_stopping': False, 'epsilon': 1e-08, 'hidden_layer_sizes': (30,), 'learning_rate': 'constant', 'learning_rate_init': 0.001, 'max_fun': 15000, 'max_iter': 200, 'momentum': 0.9, 'n_iter_no_change': 10, 'nesterovs_momentum': True, 'power_t': 0.5, 'random_state': None, 'shuffle': True, 'solver': 'adam', 'tol': 0.0001, 'validation_fraction': 0.1, 'verbose': False, 'warm_start': False}{'hidden_layer_sizes': (30,), 'batch_size': 1}