{
    "accuracy": 0.5090517556025987,
    "precision": 0.4011115899271831,
    "recall": 0.5779769770885411,
    "f1": 0.47356954627286246,
    "roc_auc": 0.5222063147125501,
    "precision_recall_auc": 0.5701645234280509,
    "fbeta_0.5": 0.42726059353453644,
    "fbeta_2": 0.5311372461804529,
    "fbeta_3": 0.5535680519211179,
    "fbeta_4": 0.563364685283085
}{'alpha': 0.2, 'class_prior': None, 'fit_prior': True, 'force_alpha': True, 'norm': False}{'norm': False, 'force_alpha': True, 'alpha': 0.2}