{
    "accuracy": 0.6176484901574324,
    "precision": 0.4637904468412943,
    "recall": 0.00479245943923448,
    "f1": 0.009486888552697933,
    "roc_auc": 0.5006833109651259,
    "precision_recall_auc": 0.42440873664027656,
    "fbeta_0.5": 0.0230111768573307,
    "fbeta_2": 0.005975138658948613,
    "fbeta_3": 0.005318848160137972,
    "fbeta_4": 0.005088701729681243
}{'C': 1.0, 'class_weight': None, 'dual': False, 'fit_intercept': True, 'intercept_scaling': 1, 'l1_ratio': None, 'max_iter': 100, 'multi_class': 'auto', 'n_jobs': None, 'penalty': 'l2', 'random_state': 0, 'solver': 'saga', 'tol': 0.0001, 'verbose': 0, 'warm_start': False}