{
    "accuracy": 0.7501493309246133,
    "precision": 0.24709280930301022,
    "recall": 0.12240786823083304,
    "f1": 0.16371338880253575,
    "roc_auc": 0.51464253004768,
    "precision_recall_auc": 0.2724166970591586,
    "fbeta_0.5": 0.20527424418906814,
    "fbeta_2": 0.13614814995052474,
    "fbeta_3": 0.12891291346640288,
    "fbeta_4": 0.12615242642264293
}{'ccp_alpha': 0.0, 'class_weight': None, 'criterion': 'gini', 'max_depth': None, 'max_features': None, 'max_leaf_nodes': None, 'min_impurity_decrease': 0.0, 'min_samples_leaf': 1, 'min_samples_split': 2, 'min_weight_fraction_leaf': 0.0, 'random_state': 0, 'splitter': 'best'}