{
    "accuracy": 0.659805063014451,
    "precision": 0.5261401557285873,
    "recall": 0.0012556877611591616,
    "f1": 0.002505396135969384,
    "roc_auc": 0.5003362392198335,
    "precision_recall_auc": 0.43360300038535443,
    "fbeta_0.5": 0.006219069006684512,
    "fbeta_2": 0.001568673751014,
    "fbeta_3": 0.0013948387427814143,
    "fbeta_4": 0.001333969267776787
}{'activation': 'relu', 'alpha': 0.0001, 'batch_size': 100, 'beta_1': 0.9, 'beta_2': 0.999, 'early_stopping': False, 'epsilon': 1e-08, 'hidden_layer_sizes': (30,), 'learning_rate': 'constant', 'learning_rate_init': 0.001, 'max_fun': 15000, 'max_iter': 200, 'momentum': 0.9, 'n_iter_no_change': 10, 'nesterovs_momentum': True, 'power_t': 0.5, 'random_state': None, 'shuffle': True, 'solver': 'adam', 'tol': 0.0001, 'validation_fraction': 0.1, 'verbose': False, 'warm_start': False}{'hidden_layer_sizes': (30,), 'batch_size': 100}