{
    "accuracy": 0.6812076136918247,
    "precision": 0.3419461778471139,
    "recall": 0.1881463002454432,
    "f1": 0.2427346582109826,
    "roc_auc": 0.5265828126710344,
    "precision_recall_auc": 0.3752797780435032,
    "fbeta_0.5": 0.2938970480400578,
    "fbeta_2": 0.20674409007840594,
    "fbeta_3": 0.1970072536531588,
    "fbeta_4": 0.19325946864100205
}{'ccp_alpha': 0.0, 'class_weight': None, 'criterion': 'gini', 'max_depth': None, 'max_features': None, 'max_leaf_nodes': None, 'min_impurity_decrease': 0.0, 'min_samples_leaf': 1, 'min_samples_split': 2, 'min_weight_fraction_leaf': 0.0, 'random_state': 0, 'splitter': 'best'}