{
    "accuracy": 0.799821895555766,
    "precision": 0.3025830258302583,
    "recall": 0.0014948909367679365,
    "f1": 0.002975083674228338,
    "roc_auc": 0.5003173222801927,
    "precision_recall_auc": 0.2517838210354847,
    "fbeta_0.5": 0.007329608938547485,
    "fbeta_2": 0.001866308578191501,
    "fbeta_3": 0.00166007865128732,
    "fbeta_4": 0.0015878313344959206
}{'alpha': 0, 'class_prior': None, 'fit_prior': True, 'force_alpha': True}{'force_alpha': True, 'fit_prior': True, 'alpha': 0}