{
    "accuracy": 0.6500231160425335,
    "precision": 0.45346062052505964,
    "recall": 0.00330475014349573,
    "f1": 0.006561679790026247,
    "roc_auc": 0.5005812304906169,
    "precision_recall_auc": 0.4026746044524615,
    "fbeta_0.5": 0.016055704845442716,
    "fbeta_2": 0.0041234249601763955,
    "fbeta_3": 0.003668973614286597,
    "fbeta_4": 0.0035096983941228306
}{'C': 1.0, 'class_weight': None, 'dual': False, 'fit_intercept': True, 'intercept_scaling': 1, 'l1_ratio': None, 'max_iter': 100, 'multi_class': 'auto', 'n_jobs': None, 'penalty': 'l2', 'random_state': 0, 'solver': 'saga', 'tol': 0.0001, 'verbose': 0, 'warm_start': False}