{
    "accuracy": 0.6496879293744914,
    "precision": 0.22642374977486507,
    "recall": 0.22642374977486507,
    "f1": 0.22642374977486507,
    "roc_auc": 0.5,
    "precision_recall_auc": 0.22642374977486507,
    "fbeta_0.5": 0.22642374977486504,
    "fbeta_2": 0.22642374977486504,
    "fbeta_3": 0.22642374977486512,
    "fbeta_4": 0.22642374977486507
}