{
    "accuracy": 0.7059804340423457,
    "precision": 0.37601224071481154,
    "recall": 0.08448196459729258,
    "f1": 0.13796591766746555,
    "roc_auc": 0.5151825225552097,
    "precision_recall_auc": 0.3577342834401897,
    "fbeta_0.5": 0.22247141495543568,
    "fbeta_2": 0.09998625855865331,
    "fbeta_3": 0.09158255455875379,
    "fbeta_4": 0.08851906526195433
}{'alpha': 10, 'class_prior': None, 'fit_prior': True, 'force_alpha': True, 'norm': True}{'norm': True, 'force_alpha': True, 'alpha': 10}