{
    "accuracy": 0.6454446783557573,
    "precision": 0.6669519968467698,
    "recall": 0.9244314701483889,
    "f1": 0.774862159561871,
    "roc_auc": 0.5141360307515205,
    "precision_recall_auc": 0.8206299979080136,
    "fbeta_0.5": 0.7062965839360417,
    "fbeta_2": 0.858171375059809,
    "fbeta_3": 0.8900699648475523,
    "fbeta_4": 0.9039046473679916
}{'alpha': 100, 'class_prior': None, 'fit_prior': True, 'force_alpha': True}{'force_alpha': True, 'fit_prior': True, 'alpha': 100}