{
    "accuracy": 0.6755115945202813,
    "precision": 0.6772251862353716,
    "recall": 0.9870042775320815,
    "f1": 0.8032836459385903,
    "roc_auc": 0.5132638144377157,
    "precision_recall_auc": 0.8364763641196562,
    "fbeta_0.5": 0.7225828538672214,
    "fbeta_2": 0.9042766948857013,
    "fbeta_3": 0.9438311693939063,
    "fbeta_4": 0.9611425296497678
}{'bootstrap': True, 'ccp_alpha': 0.0, 'class_weight': None, 'criterion': 'gini', 'max_depth': None, 'max_features': 'sqrt', 'max_leaf_nodes': None, 'max_samples': None, 'min_impurity_decrease': 0.0, 'min_samples_leaf': 5, 'min_samples_split': 2, 'min_weight_fraction_leaf': 0.0, 'n_estimators': 100, 'n_jobs': None, 'oob_score': False, 'random_state': None, 'verbose': 0, 'warm_start': False}{'n_estimators': 100, 'min_samples_leaf': 5}