{
    "accuracy": 0.5460532320715334,
    "precision": 0.3482547660195988,
    "recall": 0.3482547660195988,
    "f1": 0.3482547660195988,
    "roc_auc": 0.5,
    "precision_recall_auc": 0.3482547660195988,
    "fbeta_0.5": 0.34825476601959887,
    "fbeta_2": 0.34825476601959887,
    "fbeta_3": 0.34825476601959887,
    "fbeta_4": 0.3482547660195988
}