{
    "accuracy": 0.6041838154415461,
    "precision": 0.6816154949712949,
    "recall": 0.7511657552162373,
    "f1": 0.7147025660479396,
    "roc_auc": 0.5350049141392665,
    "precision_recall_auc": 0.7985080647604303,
    "fbeta_0.5": 0.6944757644432245,
    "fbeta_2": 0.736142935713432,
    "fbeta_3": 0.7435784751672998,
    "fbeta_4": 0.7466840092716898
}{'ccp_alpha': 0.0, 'class_weight': None, 'criterion': 'gini', 'max_depth': None, 'max_features': None, 'max_leaf_nodes': None, 'min_impurity_decrease': 0.0, 'min_samples_leaf': 1, 'min_samples_split': 2, 'min_weight_fraction_leaf': 0.0, 'random_state': 0, 'splitter': 'best'}