{
    "accuracy": 0.4677899766092714,
    "precision_micro": 0.4677899766092714,
    "recall_micro": 0.4677899766092714,
    "f1_micro": 0.4677899766092714,
    "fbeta_micro_0.5": 0.46778997660927135,
    "fbeta_micro_2": 0.46778997660927135,
    "fbeta_micro_3": 0.46778997660927135,
    "fbeta_micro_4": 0.4677899766092714,
    "precision_macro": 0.3540530612522083,
    "recall_macro": 0.37126359670662784,
    "f1_macro": 0.28729635929388037,
    "fbeta_macro_0.5": 0.3163777412902193,
    "fbeta_macro_2": 0.2973866971528437,
    "fbeta_macro_3": 0.32014756236247344,
    "fbeta_macro_4": 0.33613096233961454,
    "precision_weighted": 0.783483226478463,
    "recall_weighted": 0.4677899766092714,
    "f1_weighted": 0.5553744850919875,
    "fbeta_weighted_0.5": 0.6703812720040887,
    "fbeta_weighted_2": 0.4845160865447925,
    "fbeta_weighted_3": 0.47121414142448304,
    "fbeta_weighted_4": 0.4681614541474967
}{'C': 1.0, 'class_weight': None, 'dual': False, 'fit_intercept': True, 'intercept_scaling': 1, 'l1_ratio': None, 'max_iter': 100, 'multi_class': 'multinomial', 'n_jobs': None, 'penalty': 'l2', 'random_state': 0, 'solver': 'saga', 'tol': 0.0001, 'verbose': 0, 'warm_start': False}