{
    "accuracy": 0.667969035380205,
    "precision_micro": 0.667969035380205,
    "recall_micro": 0.667969035380205,
    "f1_micro": 0.667969035380205,
    "fbeta_micro_0.5": 0.667969035380205,
    "fbeta_micro_2": 0.667969035380205,
    "fbeta_micro_3": 0.667969035380205,
    "fbeta_micro_4": 0.667969035380205,
    "precision_macro": 0.38955292504641226,
    "recall_macro": 0.3358641915670842,
    "f1_macro": 0.27966096807164625,
    "fbeta_macro_0.5": 0.267645031824637,
    "fbeta_macro_2": 0.30935201278672125,
    "fbeta_macro_3": 0.3219013425458173,
    "fbeta_macro_4": 0.3274726947887416,
    "precision_weighted": 0.5342863553186314,
    "recall_weighted": 0.667969035380205,
    "f1_weighted": 0.5453330797084529,
    "fbeta_weighted_0.5": 0.49792663828330064,
    "fbeta_weighted_2": 0.6120704540870157,
    "fbeta_weighted_3": 0.6387177166242016,
    "fbeta_weighted_4": 0.6504288348211553
}{'activation': 'relu', 'alpha': 0.0001, 'batch_size': 200, 'beta_1': 0.9, 'beta_2': 0.999, 'early_stopping': False, 'epsilon': 1e-08, 'hidden_layer_sizes': (20,), 'learning_rate': 'constant', 'learning_rate_init': 0.001, 'max_fun': 15000, 'max_iter': 200, 'momentum': 0.9, 'n_iter_no_change': 10, 'nesterovs_momentum': True, 'power_t': 0.5, 'random_state': None, 'shuffle': True, 'solver': 'adam', 'tol': 0.0001, 'validation_fraction': 0.1, 'verbose': False, 'warm_start': False}{'hidden_layer_sizes': (20,), 'batch_size': 200}