{
    "accuracy": 0.7606760797164103,
    "precision_micro": 0.7606760797164103,
    "recall_micro": 0.7606760797164103,
    "f1_micro": 0.7606760797164103,
    "fbeta_micro_0.5": 0.7606760797164102,
    "fbeta_micro_2": 0.7606760797164102,
    "fbeta_micro_3": 0.7606760797164102,
    "fbeta_micro_4": 0.7606760797164104,
    "precision_macro": 0.3382701374017259,
    "recall_macro": 0.3333470168500358,
    "f1_macro": 0.2883215350857463,
    "fbeta_macro_0.5": 0.2670879797520565,
    "fbeta_macro_2": 0.3137151614362204,
    "fbeta_macro_3": 0.3232299857956796,
    "fbeta_macro_4": 0.32731981416739375,
    "precision_weighted": 0.6093682009841368,
    "recall_weighted": 0.7606760797164103,
    "f1_weighted": 0.6576122177530294,
    "fbeta_weighted_0.5": 0.6083090687705913,
    "fbeta_weighted_2": 0.7157905558367677,
    "fbeta_weighted_3": 0.7375498567802655,
    "fbeta_weighted_4": 0.74689971141818
}{'C': 1.0, 'class_weight': None, 'dual': False, 'fit_intercept': True, 'intercept_scaling': 1, 'l1_ratio': None, 'max_iter': 100, 'multi_class': 'multinomial', 'n_jobs': None, 'penalty': 'l2', 'random_state': 0, 'solver': 'saga', 'tol': 0.0001, 'verbose': 0, 'warm_start': False}