{
    "accuracy": 0.18719918643354558,
    "precision_micro": 0.18719918643354558,
    "recall_micro": 0.18719918643354558,
    "f1_micro": 0.18719918643354558,
    "fbeta_micro_0.5": 0.18719918643354558,
    "fbeta_micro_2": 0.18719918643354558,
    "fbeta_micro_3": 0.18719918643354558,
    "fbeta_micro_4": 0.18719918643354558,
    "precision_macro": 0.16009220742933034,
    "recall_macro": 0.17063190574914408,
    "f1_macro": 0.11536904316817918,
    "fbeta_macro_0.5": 0.1252502980876777,
    "fbeta_macro_2": 0.12697855303895275,
    "fbeta_macro_3": 0.13904954434635117,
    "fbeta_macro_4": 0.14761657424595076,
    "precision_weighted": 0.48158737663998785,
    "recall_weighted": 0.18719918643354558,
    "f1_weighted": 0.22181785855950922,
    "fbeta_weighted_0.5": 0.3085232060832209,
    "fbeta_weighted_2": 0.19074093304125359,
    "fbeta_weighted_3": 0.18666834917404618,
    "fbeta_weighted_4": 0.18604145114683848
}{'activation': 'relu', 'alpha': 0.0001, 'batch_size': 200, 'beta_1': 0.9, 'beta_2': 0.999, 'early_stopping': False, 'epsilon': 1e-08, 'hidden_layer_sizes': (10,), 'learning_rate': 'constant', 'learning_rate_init': 0.001, 'max_fun': 15000, 'max_iter': 200, 'momentum': 0.9, 'n_iter_no_change': 10, 'nesterovs_momentum': True, 'power_t': 0.5, 'random_state': None, 'shuffle': True, 'solver': 'adam', 'tol': 0.0001, 'validation_fraction': 0.1, 'verbose': False, 'warm_start': False}{'hidden_layer_sizes': (10,), 'batch_size': 200}