{
    "accuracy": 0.4731422848749835,
    "precision_micro": 0.4731422848749835,
    "recall_micro": 0.4731422848749835,
    "f1_micro": 0.4731422848749835,
    "fbeta_micro_0.5": 0.4731422848749835,
    "fbeta_micro_2": 0.4731422848749835,
    "fbeta_micro_3": 0.4731422848749835,
    "fbeta_micro_4": 0.4731422848749835,
    "precision_macro": 0.3486706194459214,
    "recall_macro": 0.3672136943831819,
    "f1_macro": 0.30960550940299963,
    "fbeta_macro_0.5": 0.3249195005755216,
    "fbeta_macro_2": 0.32390148174887273,
    "fbeta_macro_3": 0.34004191158377123,
    "fbeta_macro_4": 0.3495406735302847,
    "precision_weighted": 0.7238100401203248,
    "recall_weighted": 0.4731422848749835,
    "f1_weighted": 0.5531635803311813,
    "fbeta_weighted_0.5": 0.6419260704390636,
    "fbeta_weighted_2": 0.4946111356501522,
    "fbeta_weighted_3": 0.4816660896853827,
    "fbeta_weighted_4": 0.4775315791291268
}{'ccp_alpha': 0.0, 'class_weight': None, 'criterion': 'gini', 'max_depth': None, 'max_features': None, 'max_leaf_nodes': None, 'min_impurity_decrease': 0.0, 'min_samples_leaf': 1, 'min_samples_split': 2, 'min_weight_fraction_leaf': 0.0, 'random_state': 0, 'splitter': 'best'}