{
    "accuracy": 0.3854621752966858,
    "precision_micro": 0.3854621752966858,
    "recall_micro": 0.3854621752966858,
    "f1_micro": 0.3854621752966858,
    "fbeta_micro_0.5": 0.3854621752966858,
    "fbeta_micro_2": 0.3854621752966858,
    "fbeta_micro_3": 0.38546217529668575,
    "fbeta_micro_4": 0.3854621752966858,
    "precision_macro": 0.3182303336676673,
    "recall_macro": 0.2812954229518445,
    "f1_macro": 0.2610590862936838,
    "fbeta_macro_0.5": 0.2579878928500499,
    "fbeta_macro_2": 0.2705377723216318,
    "fbeta_macro_3": 0.2753947546971805,
    "fbeta_macro_4": 0.27768902709694354,
    "precision_weighted": 0.42639908279477867,
    "recall_weighted": 0.3854621752966858,
    "f1_weighted": 0.38739339643873455,
    "fbeta_weighted_0.5": 0.398068743578064,
    "fbeta_weighted_2": 0.38370865700994494,
    "fbeta_weighted_3": 0.3841281678775973,
    "fbeta_weighted_4": 0.3845622638613185
}{'C': 1.0, 'class_weight': None, 'dual': False, 'fit_intercept': True, 'intercept_scaling': 1, 'l1_ratio': None, 'max_iter': 100, 'multi_class': 'multinomial', 'n_jobs': None, 'penalty': 'l2', 'random_state': 0, 'solver': 'saga', 'tol': 0.0001, 'verbose': 0, 'warm_start': False}