{
    "accuracy": 0.17185130202777932,
    "precision_micro": 0.17185130202777932,
    "recall_micro": 0.17185130202777932,
    "f1_micro": 0.17185130202777932,
    "fbeta_micro_0.5": 0.17185130202777935,
    "fbeta_micro_2": 0.17185130202777935,
    "fbeta_micro_3": 0.17185130202777932,
    "fbeta_micro_4": 0.1718513020277793,
    "precision_macro": 0.16376523927137354,
    "recall_macro": 0.17217306991560655,
    "f1_macro": 0.11246903418704338,
    "fbeta_macro_0.5": 0.12130628157165517,
    "fbeta_macro_2": 0.1280969683554438,
    "fbeta_macro_3": 0.1423531291926538,
    "fbeta_macro_4": 0.1515478192180812,
    "precision_weighted": 0.49039486735364285,
    "recall_weighted": 0.17185130202777932,
    "f1_weighted": 0.199929445865947,
    "fbeta_weighted_0.5": 0.28558175657050355,
    "fbeta_weighted_2": 0.17293114858271166,
    "fbeta_weighted_3": 0.17029999012574965,
    "fbeta_weighted_4": 0.17025584370741606
}{'C': 1.0, 'class_weight': None, 'dual': False, 'fit_intercept': True, 'intercept_scaling': 1, 'l1_ratio': None, 'max_iter': 100, 'multi_class': 'multinomial', 'n_jobs': None, 'penalty': 'l2', 'random_state': 0, 'solver': 'saga', 'tol': 0.0001, 'verbose': 0, 'warm_start': False}