{
    "accuracy": 0.6728521874826489,
    "precision_micro": 0.6728521874826489,
    "recall_micro": 0.6728521874826489,
    "f1_micro": 0.6728521874826489,
    "fbeta_micro_0.5": 0.6728521874826489,
    "fbeta_micro_2": 0.6728521874826489,
    "fbeta_micro_3": 0.6728521874826489,
    "fbeta_micro_4": 0.6728521874826489,
    "precision_macro": 0.30288485904107226,
    "recall_macro": 0.3333163044024088,
    "f1_macro": 0.2682456485054181,
    "fbeta_macro_0.5": 0.24025124490183777,
    "fbeta_macro_2": 0.3038215730449247,
    "fbeta_macro_3": 0.3178849061983401,
    "fbeta_macro_4": 0.32406231875030567,
    "precision_weighted": 0.4913392216247933,
    "recall_weighted": 0.6728521874826489,
    "f1_weighted": 0.5414086407716436,
    "fbeta_weighted_0.5": 0.48467098367862294,
    "fbeta_weighted_2": 0.613287416730893,
    "fbeta_weighted_3": 0.6416898443934664,
    "fbeta_weighted_4": 0.6541648866722429
}{'C': 1.0, 'class_weight': None, 'dual': False, 'fit_intercept': True, 'intercept_scaling': 1, 'l1_ratio': None, 'max_iter': 100, 'multi_class': 'multinomial', 'n_jobs': None, 'penalty': 'l2', 'random_state': 0, 'solver': 'saga', 'tol': 0.0001, 'verbose': 0, 'warm_start': False}