{
    "accuracy": 0.39000634137645857,
    "precision": 0.10924640666278601,
    "recall": 0.7133083849842123,
    "f1": 0.18947401119852136,
    "roc_auc": 0.5337052943028616,
    "precision_recall_auc": 0.42560539986795315,
    "fbeta_0.5": 0.1315222031990547,
    "fbeta_2": 0.3387237398166299,
    "fbeta_3": 0.4593290986245354,
    "fbeta_4": 0.5382419276558084
}{'bootstrap': True, 'ccp_alpha': 0.0, 'class_weight': None, 'criterion': 'gini', 'max_depth': None, 'max_features': 'sqrt', 'max_leaf_nodes': None, 'max_samples': None, 'min_impurity_decrease': 0.0, 'min_samples_leaf': 10, 'min_samples_split': 2, 'min_weight_fraction_leaf': 0.0, 'n_estimators': 100, 'n_jobs': None, 'oob_score': False, 'random_state': None, 'verbose': 0, 'warm_start': False}