{
    "accuracy": 0.8184774527870048,
    "precision": 0.10095272661813319,
    "recall": 0.10095272661813318,
    "f1": 0.10095272661813319,
    "roc_auc": 0.5,
    "precision_recall_auc": 0.10095272661813318,
    "fbeta_0.5": 0.1009527266181332,
    "fbeta_2": 0.10095272661813316,
    "fbeta_3": 0.10095272661813316,
    "fbeta_4": 0.10095272661813318
}