{
    "accuracy": 0.8713138922901136,
    "precision": 0.5,
    "recall": 6.812607866291217e-05,
    "f1": 0.00013623359520457745,
    "roc_auc": 0.5000290322002882,
    "precision_recall_auc": 0.31437273345432637,
    "fbeta_0.5": 0.00034044484793463464,
    "fbeta_2": 8.515469770082317e-05,
    "fbeta_3": 7.569449701006738e-05,
    "fbeta_4": 7.238334218018626e-05
}{'bootstrap': True, 'ccp_alpha': 0.0, 'class_weight': None, 'criterion': 'gini', 'max_depth': None, 'max_features': 'sqrt', 'max_leaf_nodes': None, 'max_samples': None, 'min_impurity_decrease': 0.0, 'min_samples_leaf': 10, 'min_samples_split': 2, 'min_weight_fraction_leaf': 0.0, 'n_estimators': 100, 'n_jobs': None, 'oob_score': False, 'random_state': None, 'verbose': 0, 'warm_start': False}{'n_estimators': 100, 'min_samples_leaf': 10}