{
    "accuracy": 0.4626077960940628,
    "precision": 0.10945408626501497,
    "recall": 0.6132616068296106,
    "f1": 0.18575489492840253,
    "roc_auc": 0.5295693117575273,
    "precision_recall_auc": 0.38068589442616624,
    "fbeta_0.5": 0.1309736104659004,
    "fbeta_2": 0.3193102314451163,
    "fbeta_3": 0.41995843660781856,
    "fbeta_4": 0.48259453841219313
}{'alpha': 0.2, 'class_prior': None, 'fit_prior': True, 'force_alpha': True, 'norm': False}{'norm': False, 'force_alpha': True, 'alpha': 0.2}