{
    "accuracy": 0.5628718387548101,
    "precision": 0.32269822511490465,
    "recall": 0.32269822511490465,
    "f1": 0.32269822511490465,
    "roc_auc": 0.5,
    "precision_recall_auc": 0.32269822511490465,
    "fbeta_0.5": 0.32269822511490465,
    "fbeta_2": 0.32269822511490465,
    "fbeta_3": 0.3226982251149047,
    "fbeta_4": 0.32269822511490465
}