{
    "accuracy": 0.7672159603970812,
    "precision": 0.23060567211781996,
    "recall": 0.11813798516667467,
    "f1": 0.15623675959664435,
    "roc_auc": 0.5150935842121752,
    "precision_recall_auc": 0.25481087398747243,
    "fbeta_0.5": 0.1937210731753445,
    "fbeta_2": 0.1309067801724597,
    "fbeta_3": 0.12419504769089833,
    "fbeta_4": 0.12162729806473141
}{'ccp_alpha': 0.0, 'class_weight': None, 'criterion': 'gini', 'max_depth': None, 'max_features': None, 'max_leaf_nodes': None, 'min_impurity_decrease': 0.0, 'min_samples_leaf': 1, 'min_samples_split': 2, 'min_weight_fraction_leaf': 0.0, 'random_state': 0, 'splitter': 'best'}