{
    "accuracy": 0.4363153028201572,
    "precision": 0.2234805839137487,
    "recall": 0.6750338626473386,
    "f1": 0.3357919560745185,
    "roc_auc": 0.5237393557390013,
    "precision_recall_auc": 0.48355413059737945,
    "fbeta_0.5": 0.2579972198907783,
    "fbeta_2": 0.48075581061221817,
    "fbeta_3": 0.5615666229522347,
    "fbeta_4": 0.6033251817440765
}{'bootstrap': True, 'ccp_alpha': 0.0, 'class_weight': None, 'criterion': 'gini', 'max_depth': None, 'max_features': 'sqrt', 'max_leaf_nodes': None, 'max_samples': None, 'min_impurity_decrease': 0.0, 'min_samples_leaf': 10, 'min_samples_split': 2, 'min_weight_fraction_leaf': 0.0, 'n_estimators': 100, 'n_jobs': None, 'oob_score': False, 'random_state': None, 'verbose': 0, 'warm_start': False}