{
    "accuracy": 0.49188505243691755,
    "precision": 0.4019049963547535,
    "recall": 0.6758482334771602,
    "f1": 0.5040611789293687,
    "roc_auc": 0.5269949075360717,
    "precision_recall_auc": 0.6008002346448909,
    "fbeta_0.5": 0.43736025964659214,
    "fbeta_2": 0.5947680365424765,
    "fbeta_3": 0.6327212020033388,
    "fbeta_4": 0.6497948275101325
}{'bootstrap': True, 'ccp_alpha': 0.0, 'class_weight': None, 'criterion': 'gini', 'max_depth': None, 'max_features': 'sqrt', 'max_leaf_nodes': None, 'max_samples': None, 'min_impurity_decrease': 0.0, 'min_samples_leaf': 5, 'min_samples_split': 2, 'min_weight_fraction_leaf': 0.0, 'n_estimators': 100, 'n_jobs': None, 'oob_score': False, 'random_state': None, 'verbose': 0, 'warm_start': False}