{
    "accuracy": 0.5677604204686474,
    "precision": 0.6884237988816099,
    "recall": 0.6504476908576814,
    "f1": 0.668897162641367,
    "roc_auc": 0.5246909463096046,
    "precision_recall_auc": 0.7867527023117947,
    "fbeta_0.5": 0.6804779169163323,
    "fbeta_2": 0.6577039878453099,
    "fbeta_3": 0.654055714068308,
    "fbeta_4": 0.6525652209025645
}{'bootstrap': True, 'ccp_alpha': 0.0, 'class_weight': None, 'criterion': 'gini', 'max_depth': None, 'max_features': 'sqrt', 'max_leaf_nodes': None, 'max_samples': None, 'min_impurity_decrease': 0.0, 'min_samples_leaf': 5, 'min_samples_split': 2, 'min_weight_fraction_leaf': 0.0, 'n_estimators': 100, 'n_jobs': None, 'oob_score': False, 'random_state': None, 'verbose': 0, 'warm_start': False}