{
    "accuracy": 0.46155437136530647,
    "precision": 0.3658713755739846,
    "recall": 0.7358982832692675,
    "f1": 0.48874846937596744,
    "roc_auc": 0.5249490013100162,
    "precision_recall_auc": 0.5970682491359605,
    "fbeta_0.5": 0.40677897659643614,
    "fbeta_2": 0.6120898929721565,
    "fbeta_3": 0.6683083863548768,
    "fbeta_4": 0.6945767710547383
}{'bootstrap': True, 'ccp_alpha': 0.0, 'class_weight': None, 'criterion': 'gini', 'max_depth': None, 'max_features': 'sqrt', 'max_leaf_nodes': None, 'max_samples': None, 'min_impurity_decrease': 0.0, 'min_samples_leaf': 10, 'min_samples_split': 2, 'min_weight_fraction_leaf': 0.0, 'n_estimators': 100, 'n_jobs': None, 'oob_score': False, 'random_state': None, 'verbose': 0, 'warm_start': False}