{
    "accuracy": 0.47849922705342246,
    "precision": 0.1437025127713093,
    "recall": 0.6748666488053194,
    "f1": 0.23695012656495862,
    "roc_auc": 0.563296710203284,
    "precision_recall_auc": 0.4287894274117505,
    "fbeta_0.5": 0.17054918215425754,
    "fbeta_2": 0.388020490529152,
    "fbeta_3": 0.4927373347939282,
    "fbeta_4": 0.5543380403353076
}{'bootstrap': True, 'ccp_alpha': 0.0, 'class_weight': None, 'criterion': 'gini', 'max_depth': None, 'max_features': 'sqrt', 'max_leaf_nodes': None, 'max_samples': None, 'min_impurity_decrease': 0.0, 'min_samples_leaf': 5, 'min_samples_split': 2, 'min_weight_fraction_leaf': 0.0, 'n_estimators': 100, 'n_jobs': None, 'oob_score': False, 'random_state': None, 'verbose': 0, 'warm_start': False}