{
    "accuracy": 0.5027191939146164,
    "precision": 0.11657078398195149,
    "recall": 0.6042568120687639,
    "f1": 0.19543838414403508,
    "roc_auc": 0.5478498997046927,
    "precision_recall_auc": 0.38019187907224006,
    "fbeta_0.5": 0.13900920629967015,
    "fbeta_2": 0.3289867437507163,
    "fbeta_3": 0.4260248672537185,
    "fbeta_4": 0.4849205867252582
}{'bootstrap': True, 'ccp_alpha': 0.0, 'class_weight': None, 'criterion': 'gini', 'max_depth': None, 'max_features': 'sqrt', 'max_leaf_nodes': None, 'max_samples': None, 'min_impurity_decrease': 0.0, 'min_samples_leaf': 10, 'min_samples_split': 2, 'min_weight_fraction_leaf': 0.0, 'n_estimators': 100, 'n_jobs': None, 'oob_score': False, 'random_state': None, 'verbose': 0, 'warm_start': False}