{
    "accuracy": 0.6352446477611288,
    "precision": 0.5505886518544746,
    "recall": 0.03087829385015588,
    "f1": 0.05847705809629912,
    "roc_auc": 0.5081378928983867,
    "precision_recall_auc": 0.4684882641896647,
    "fbeta_0.5": 0.12610289347346568,
    "fbeta_2": 0.03806418527344405,
    "fbeta_3": 0.034096745953478225,
    "fbeta_4": 0.03269359141915354
}{'bootstrap': True, 'ccp_alpha': 0.0, 'class_weight': None, 'criterion': 'gini', 'max_depth': None, 'max_features': 'sqrt', 'max_leaf_nodes': None, 'max_samples': None, 'min_impurity_decrease': 0.0, 'min_samples_leaf': 5, 'min_samples_split': 2, 'min_weight_fraction_leaf': 0.0, 'n_estimators': 100, 'n_jobs': None, 'oob_score': False, 'random_state': None, 'verbose': 0, 'warm_start': False}{'n_estimators': 100, 'min_samples_leaf': 5}