{
    "accuracy": 0.722373313991981,
    "precision": 0.5762338887142407,
    "recall": 0.011889549779787116,
    "f1": 0.023298379408960915,
    "roc_auc": 0.5042572203542152,
    "precision_recall_auc": 0.4316574964252419,
    "fbeta_0.5": 0.054915424853049545,
    "fbeta_2": 0.014785668307367664,
    "fbeta_3": 0.013180393786735042,
    "fbeta_4": 0.012616376875846443
}{'bootstrap': True, 'ccp_alpha': 0.0, 'class_weight': None, 'criterion': 'gini', 'max_depth': None, 'max_features': 'sqrt', 'max_leaf_nodes': None, 'max_samples': None, 'min_impurity_decrease': 0.0, 'min_samples_leaf': 5, 'min_samples_split': 2, 'min_weight_fraction_leaf': 0.0, 'n_estimators': 100, 'n_jobs': None, 'oob_score': False, 'random_state': None, 'verbose': 0, 'warm_start': False}{'n_estimators': 100, 'min_samples_leaf': 5}