{
    "accuracy": 0.7729678246490723,
    "precision": 0.32790028763183127,
    "recall": 0.005518398696237969,
    "f1": 0.010854127821636847,
    "roc_auc": 0.5011104354506387,
    "precision_recall_auc": 0.27894883354493777,
    "fbeta_0.5": 0.025851707951289944,
    "fbeta_2": 0.006869097496997281,
    "fbeta_3": 0.006120109839866074,
    "fbeta_4": 0.005857137820044628
}{'alpha': 0, 'class_prior': None, 'fit_prior': True, 'force_alpha': True}{'force_alpha': True, 'fit_prior': True, 'alpha': 0}