{
    "accuracy": 0.7282122538771407,
    "precision": 0.39804241435562804,
    "recall": 0.0016362880403438887,
    "f1": 0.0032591781261061504,
    "roc_auc": 0.5003568917139104,
    "precision_recall_auc": 0.33539722967903546,
    "fbeta_0.5": 0.008049086230784456,
    "fbeta_2": 0.002043260172337272,
    "fbeta_3": 0.001817267767702534,
    "fbeta_4": 0.0017381094749174628
}{'C': 1.0, 'class_weight': None, 'dual': False, 'fit_intercept': True, 'intercept_scaling': 1, 'l1_ratio': None, 'max_iter': 100, 'multi_class': 'auto', 'n_jobs': None, 'penalty': 'l2', 'random_state': 0, 'solver': 'saga', 'tol': 0.0001, 'verbose': 0, 'warm_start': False}