{
    "accuracy": 0.6338642472628734,
    "precision": 0.5554595217516566,
    "recall": 0.00957127822236343,
    "f1": 0.01881829317690464,
    "roc_auc": 0.5025666446335011,
    "precision_recall_auc": 0.4641782908880218,
    "fbeta_0.5": 0.04477057402935166,
    "fbeta_2": 0.011912779669185566,
    "fbeta_3": 0.010614431332391906,
    "fbeta_4": 0.010158542818152599
}{'activation': 'relu', 'alpha': 0.0001, 'batch_size': 100, 'beta_1': 0.9, 'beta_2': 0.999, 'early_stopping': False, 'epsilon': 1e-08, 'hidden_layer_sizes': (30,), 'learning_rate': 'constant', 'learning_rate_init': 0.001, 'max_fun': 15000, 'max_iter': 200, 'momentum': 0.9, 'n_iter_no_change': 10, 'nesterovs_momentum': True, 'power_t': 0.5, 'random_state': None, 'shuffle': True, 'solver': 'adam', 'tol': 0.0001, 'validation_fraction': 0.1, 'verbose': False, 'warm_start': False}{'hidden_layer_sizes': (30,), 'batch_size': 100}