{
    "accuracy": 0.7291519460369029,
    "precision": 0.5618084097375909,
    "recall": 0.011916737080701189,
    "f1": 0.02333843355375917,
    "roc_auc": 0.5042258598778072,
    "precision_recall_auc": 0.42102457196682785,
    "fbeta_0.5": 0.05492365704395129,
    "fbeta_2": 0.014817347219558564,
    "fbeta_3": 0.0132096861119887,
    "fbeta_4": 0.012644769827014993
}{'bootstrap': True, 'ccp_alpha': 0.0, 'class_weight': None, 'criterion': 'gini', 'max_depth': None, 'max_features': 'sqrt', 'max_leaf_nodes': None, 'max_samples': None, 'min_impurity_decrease': 0.0, 'min_samples_leaf': 5, 'min_samples_split': 2, 'min_weight_fraction_leaf': 0.0, 'n_estimators': 100, 'n_jobs': None, 'oob_score': False, 'random_state': None, 'verbose': 0, 'warm_start': False}{'n_estimators': 100, 'min_samples_leaf': 5}