{
    "accuracy": 0.4906303950349289,
    "precision": 0.21551072047768546,
    "recall": 0.5869178812655528,
    "f1": 0.31526068531951296,
    "roc_auc": 0.5267541166532949,
    "precision_recall_auc": 0.4424788060035038,
    "fbeta_0.5": 0.24673839652422627,
    "fbeta_2": 0.43647522647715165,
    "fbeta_3": 0.5006387344427539,
    "fbeta_4": 0.5328954094424478
}{'alpha': 0.1, 'class_prior': None, 'fit_prior': True, 'force_alpha': True, 'norm': False}{'norm': False, 'force_alpha': True, 'alpha': 0.1}