{
    "accuracy": 0.6256710786063419,
    "precision": 0.4363000123869689,
    "recall": 0.06994281061975019,
    "f1": 0.12055894030668128,
    "roc_auc": 0.5087935981308599,
    "precision_recall_auc": 0.42371105012252197,
    "fbeta_0.5": 0.21307969655539558,
    "fbeta_2": 0.08405963466963233,
    "fbeta_3": 0.0763542046026048,
    "fbeta_4": 0.07357704496219666
}{'alpha': 0, 'class_prior': None, 'fit_prior': True, 'force_alpha': True}{'force_alpha': True, 'fit_prior': True, 'alpha': 0}