{
    "accuracy": 0.6517264033871085,
    "precision": 0.5477984926616422,
    "recall": 0.024020315516671595,
    "f1": 0.046022594727896826,
    "roc_auc": 0.50667782228895,
    "precision_recall_auc": 0.45657879601557483,
    "fbeta_0.5": 0.10217973570889505,
    "fbeta_2": 0.029699818919279294,
    "fbeta_3": 0.026559837525338588,
    "fbeta_4": 0.025451833188964983
}{'bootstrap': True, 'ccp_alpha': 0.0, 'class_weight': None, 'criterion': 'gini', 'max_depth': None, 'max_features': 'sqrt', 'max_leaf_nodes': None, 'max_samples': None, 'min_impurity_decrease': 0.0, 'min_samples_leaf': 5, 'min_samples_split': 2, 'min_weight_fraction_leaf': 0.0, 'n_estimators': 100, 'n_jobs': None, 'oob_score': False, 'random_state': None, 'verbose': 0, 'warm_start': False}{'n_estimators': 100, 'min_samples_leaf': 5}