{
    "accuracy": 0.6674672372726886,
    "precision": 0.37333333333333335,
    "recall": 0.0003042816778961095,
    "f1": 0.0006080677561213964,
    "roc_auc": 0.50002495001076,
    "precision_recall_auc": 0.3530002844274132,
    "fbeta_0.5": 0.0015164644714038128,
    "fbeta_2": 0.00038027461259523837,
    "fbeta_3": 0.000338060138483921,
    "fbeta_4": 0.000323282814733818
}{'C': 1.0, 'class_weight': None, 'dual': False, 'fit_intercept': True, 'intercept_scaling': 1, 'l1_ratio': None, 'max_iter': 100, 'multi_class': 'auto', 'n_jobs': None, 'penalty': 'l2', 'random_state': 0, 'solver': 'saga', 'tol': 0.0001, 'verbose': 0, 'warm_start': False}