{
    "accuracy": 0.6712047108061415,
    "precision": 0.6716741076874283,
    "recall": 0.9980152976147321,
    "f1": 0.8029529711994167,
    "roc_auc": 0.5009782653420415,
    "precision_recall_auc": 0.8355108096661907,
    "fbeta_0.5": 0.7186739722880621,
    "fbeta_2": 0.9096248009356848,
    "fbeta_3": 0.9517722626122247,
    "fbeta_4": 0.9702844319135924
}{'activation': 'relu', 'alpha': 0.0001, 'batch_size': 100, 'beta_1': 0.9, 'beta_2': 0.999, 'early_stopping': False, 'epsilon': 1e-08, 'hidden_layer_sizes': (30,), 'learning_rate': 'constant', 'learning_rate_init': 0.001, 'max_fun': 15000, 'max_iter': 200, 'momentum': 0.9, 'n_iter_no_change': 10, 'nesterovs_momentum': True, 'power_t': 0.5, 'random_state': None, 'shuffle': True, 'solver': 'adam', 'tol': 0.0001, 'validation_fraction': 0.1, 'verbose': False, 'warm_start': False}{'hidden_layer_sizes': (30,), 'batch_size': 100}