{
    "accuracy": 0.6582142935190378,
    "precision": 0.569155239546301,
    "recall": 0.017835827625903862,
    "f1": 0.03458776568383367,
    "roc_auc": 0.5053892589167872,
    "precision_recall_auc": 0.462071025831821,
    "fbeta_0.5": 0.07924572775486152,
    "fbeta_2": 0.022121477309365107,
    "fbeta_3": 0.01974882223710335,
    "fbeta_4": 0.018913523099522517
}{'bootstrap': True, 'ccp_alpha': 0.0, 'class_weight': None, 'criterion': 'gini', 'max_depth': None, 'max_features': 'sqrt', 'max_leaf_nodes': None, 'max_samples': None, 'min_impurity_decrease': 0.0, 'min_samples_leaf': 5, 'min_samples_split': 2, 'min_weight_fraction_leaf': 0.0, 'n_estimators': 100, 'n_jobs': None, 'oob_score': False, 'random_state': None, 'verbose': 0, 'warm_start': False}{'n_estimators': 100, 'min_samples_leaf': 5}