{
    "accuracy": 0.7295727182032752,
    "precision": 0.4956521739130435,
    "recall": 0.005129243436593102,
    "f1": 0.010153414530961233,
    "roc_auc": 0.5015974472850524,
    "precision_recall_auc": 0.3848987019589996,
    "fbeta_0.5": 0.024626817307900024,
    "fbeta_2": 0.0063950096486110495,
    "fbeta_3": 0.005692613833550968,
    "fbeta_4": 0.0054462985965523635
}{'activation': 'relu', 'alpha': 0.0001, 'batch_size': 50, 'beta_1': 0.9, 'beta_2': 0.999, 'early_stopping': False, 'epsilon': 1e-08, 'hidden_layer_sizes': (30,), 'learning_rate': 'constant', 'learning_rate_init': 0.001, 'max_fun': 15000, 'max_iter': 200, 'momentum': 0.9, 'n_iter_no_change': 10, 'nesterovs_momentum': True, 'power_t': 0.5, 'random_state': None, 'shuffle': True, 'solver': 'adam', 'tol': 0.0001, 'validation_fraction': 0.1, 'verbose': False, 'warm_start': False}{'hidden_layer_sizes': (30,), 'batch_size': 50}