{
    "accuracy": 0.6809137960827304,
    "precision": 0.19923946728108552,
    "recall": 0.19923946728108552,
    "f1": 0.1992394672810855,
    "roc_auc": 0.5,
    "precision_recall_auc": 0.19923946728108552,
    "fbeta_0.5": 0.1992394672810855,
    "fbeta_2": 0.1992394672810855,
    "fbeta_3": 0.1992394672810855,
    "fbeta_4": 0.19923946728108552
}