{
    "accuracy": 0.6565151989743515,
    "precision": 0.44659300184162065,
    "recall": 0.0025729852464495455,
    "f1": 0.005116492512514308,
    "roc_auc": 0.5004532031958789,
    "precision_recall_auc": 0.39577815085141643,
    "fbeta_0.5": 0.012575126658749955,
    "fbeta_2": 0.00321160574990001,
    "fbeta_3": 0.002857043554892643,
    "fbeta_4": 0.0027328127786259235
}{'C': 1.0, 'class_weight': None, 'dual': False, 'fit_intercept': True, 'intercept_scaling': 1, 'l1_ratio': None, 'max_iter': 100, 'multi_class': 'auto', 'n_jobs': None, 'penalty': 'l2', 'random_state': 0, 'solver': 'saga', 'tol': 0.0001, 'verbose': 0, 'warm_start': False}