{
    "accuracy": 0.7292989755943257,
    "precision": 0.3532934131736527,
    "recall": 0.0013273042226271624,
    "f1": 0.0026446725536778876,
    "roc_auc": 0.5002134157372172,
    "precision_recall_auc": 0.3123323797702377,
    "fbeta_0.5": 0.006538265475741926,
    "fbeta_2": 0.0016575734248838292,
    "fbeta_3": 0.0014741670955909913,
    "fbeta_4": 0.001409929672201894
}{'C': 1.0, 'class_weight': None, 'dual': False, 'fit_intercept': True, 'intercept_scaling': 1, 'l1_ratio': None, 'max_iter': 100, 'multi_class': 'auto', 'n_jobs': None, 'penalty': 'l2', 'random_state': 0, 'solver': 'saga', 'tol': 0.0001, 'verbose': 0, 'warm_start': False}