{
    "accuracy": 0.5510327130227745,
    "precision": 0.3402615997595216,
    "recall": 0.3402615997595216,
    "f1": 0.3402615997595216,
    "roc_auc": 0.5,
    "precision_recall_auc": 0.3402615997595216,
    "fbeta_0.5": 0.3402615997595216,
    "fbeta_2": 0.3402615997595216,
    "fbeta_3": 0.3402615997595216,
    "fbeta_4": 0.3402615997595216
}