{
    "accuracy": 0.789035696036207,
    "precision": 0.5979381443298969,
    "recall": 0.0016715179111789966,
    "f1": 0.003333716519140131,
    "roc_auc": 0.5006853992489066,
    "precision_recall_auc": 0.405168361305223,
    "fbeta_0.5": 0.008265169435973437,
    "fbeta_2": 0.002087938197029368,
    "fbeta_3": 0.0018566654288897145,
    "fbeta_4": 0.001775677539840189
}{'activation': 'relu', 'alpha': 0.0001, 'batch_size': 100, 'beta_1': 0.9, 'beta_2': 0.999, 'early_stopping': False, 'epsilon': 1e-08, 'hidden_layer_sizes': (30,), 'learning_rate': 'constant', 'learning_rate_init': 0.001, 'max_fun': 15000, 'max_iter': 200, 'momentum': 0.9, 'n_iter_no_change': 10, 'nesterovs_momentum': True, 'power_t': 0.5, 'random_state': None, 'shuffle': True, 'solver': 'adam', 'tol': 0.0001, 'validation_fraction': 0.1, 'verbose': False, 'warm_start': False}{'hidden_layer_sizes': (30,), 'batch_size': 100}