{
    "accuracy": 0.6709248850281042,
    "precision": 0.6713791254326524,
    "recall": 0.9984774885811644,
    "f1": 0.8028916224567131,
    "roc_auc": 0.5003119439057105,
    "precision_recall_auc": 0.8354392932102809,
    "fbeta_0.5": 0.7184516667536127,
    "fbeta_2": 0.9098236110193566,
    "fbeta_3": 0.9520912547528517,
    "fbeta_4": 0.9706593256246866
}{'C': 1.0, 'class_weight': None, 'dual': False, 'fit_intercept': True, 'intercept_scaling': 1, 'l1_ratio': None, 'max_iter': 100, 'multi_class': 'auto', 'n_jobs': None, 'penalty': 'l2', 'random_state': 0, 'solver': 'saga', 'tol': 0.0001, 'verbose': 0, 'warm_start': False}