{
    "accuracy": 0.6929763729712631,
    "precision": 0.3144830816063693,
    "recall": 0.19670930573186213,
    "f1": 0.24202922492378395,
    "roc_auc": 0.5271975035270666,
    "precision_recall_auc": 0.35568257467016207,
    "fbeta_0.5": 0.28085266562569705,
    "fbeta_2": 0.21263570105394267,
    "fbeta_3": 0.20436267908363956,
    "fbeta_4": 0.20114030309215075
}{'ccp_alpha': 0.0, 'class_weight': None, 'criterion': 'gini', 'max_depth': None, 'max_features': None, 'max_leaf_nodes': None, 'min_impurity_decrease': 0.0, 'min_samples_leaf': 1, 'min_samples_split': 2, 'min_weight_fraction_leaf': 0.0, 'random_state': 0, 'splitter': 'best'}