{
    "accuracy": 0.6494602233407878,
    "precision": 0.4210338822039265,
    "recall": 0.05643060632264704,
    "f1": 0.09952236376139707,
    "roc_auc": 0.5079348964162546,
    "precision_recall_auc": 0.40068345311533266,
    "fbeta_0.5": 0.18367967176993505,
    "fbeta_2": 0.06825134872929425,
    "fbeta_3": 0.06178063200128708,
    "fbeta_4": 0.05945943990824722
}{'alpha': 0, 'class_prior': None, 'fit_prior': True, 'force_alpha': True}{'force_alpha': True, 'fit_prior': True, 'alpha': 0}