{
    "accuracy": 0.5489680131650728,
    "precision": 0.3435263390134418,
    "recall": 0.3435263390134418,
    "f1": 0.3435263390134418,
    "roc_auc": 0.5,
    "precision_recall_auc": 0.3435263390134418,
    "fbeta_0.5": 0.3435263390134418,
    "fbeta_2": 0.3435263390134418,
    "fbeta_3": 0.3435263390134418,
    "fbeta_4": 0.3435263390134418
}