{
    "accuracy": 0.48864538640287297,
    "precision": 0.24305560106156418,
    "recall": 0.5984961556769316,
    "f1": 0.34571336031633965,
    "roc_auc": 0.5275583653255003,
    "precision_recall_auc": 0.4660905295540613,
    "fbeta_0.5": 0.27581650355557635,
    "fbeta_2": 0.4630614502263403,
    "fbeta_3": 0.522139347429634,
    "fbeta_4": 0.551089978386589
}{'alpha': 0.1, 'class_prior': None, 'fit_prior': True, 'force_alpha': True, 'norm': False}{'norm': False, 'force_alpha': True, 'alpha': 0.1}