{
    "accuracy": 0.7743973950859199,
    "precision": 0.6810810810810811,
    "recall": 0.0010165471282543627,
    "f1": 0.0020300642853690364,
    "roc_auc": 0.5004388890634486,
    "precision_recall_auc": 0.4537963938510237,
    "fbeta_0.5": 0.005052570796140798,
    "fbeta_2": 0.001270209947558475,
    "fbeta_3": 0.001129309525815478,
    "fbeta_4": 0.001079980578500521
}{'bootstrap': True, 'ccp_alpha': 0.0, 'class_weight': None, 'criterion': 'gini', 'max_depth': None, 'max_features': 'sqrt', 'max_leaf_nodes': None, 'max_samples': None, 'min_impurity_decrease': 0.0, 'min_samples_leaf': 5, 'min_samples_split': 2, 'min_weight_fraction_leaf': 0.0, 'n_estimators': 100, 'n_jobs': None, 'oob_score': False, 'random_state': None, 'verbose': 0, 'warm_start': False}{'n_estimators': 100, 'min_samples_leaf': 5}