{
    "accuracy": 0.6598441859279278,
    "precision": 0.6604604761896061,
    "recall": 0.997367738517656,
    "f1": 0.79468061367726,
    "roc_auc": 0.5009844745403107,
    "precision_recall_auc": 0.8297827762687601,
    "fbeta_0.5": 0.708313640100986,
    "fbeta_2": 0.9050343839555894,
    "fbeta_3": 0.9489603550620519,
    "fbeta_4": 0.9683121290350841
}{'C': 1.0, 'class_weight': None, 'dual': False, 'fit_intercept': True, 'intercept_scaling': 1, 'l1_ratio': None, 'max_iter': 100, 'multi_class': 'auto', 'n_jobs': None, 'penalty': 'l2', 'random_state': 0, 'solver': 'saga', 'tol': 0.0001, 'verbose': 0, 'warm_start': False}