{
    "accuracy": 0.6927095147177548,
    "precision": 0.18958937299300244,
    "recall": 0.18958937299300244,
    "f1": 0.18958937299300244,
    "roc_auc": 0.5,
    "precision_recall_auc": 0.18958937299300244,
    "fbeta_0.5": 0.18958937299300244,
    "fbeta_2": 0.18958937299300244,
    "fbeta_3": 0.18958937299300244,
    "fbeta_4": 0.18958937299300244
}