{
    "accuracy": 0.48434800593717303,
    "precision": 0.22592511495511278,
    "recall": 0.5947145450877547,
    "f1": 0.3274542006839153,
    "roc_auc": 0.5247666904590436,
    "precision_recall_auc": 0.45309363346207415,
    "fbeta_0.5": 0.2579119579861971,
    "fbeta_2": 0.4483435881391873,
    "fbeta_3": 0.5112590460098456,
    "fbeta_4": 0.5426124938904047
}{'alpha': 0.2, 'class_prior': None, 'fit_prior': True, 'force_alpha': True, 'norm': False}{'norm': False, 'force_alpha': True, 'alpha': 0.2}