{
    "accuracy": 0.6487334841959267,
    "precision": 0.44043663977218794,
    "recall": 0.01614109543770546,
    "f1": 0.031140939597315436,
    "roc_auc": 0.5025557902465668,
    "precision_recall_auc": 0.4003360973297441,
    "fbeta_0.5": 0.07038728174633276,
    "fbeta_2": 0.019993191973422846,
    "fbeta_3": 0.017861817285927662,
    "fbeta_4": 0.01711072185857841
}{'alpha': 10, 'class_prior': None, 'fit_prior': True, 'force_alpha': True, 'norm': True}{'norm': True, 'force_alpha': True, 'alpha': 10}