{
    "accuracy": 0.5316235969339299,
    "precision": 0.15655709127868156,
    "recall": 0.601644109365065,
    "f1": 0.24846083511124656,
    "roc_auc": 0.5614631177323612,
    "precision_recall_auc": 0.4047320348464307,
    "fbeta_0.5": 0.18374316181937217,
    "fbeta_2": 0.3835563289544927,
    "fbeta_3": 0.46846184177256595,
    "fbeta_4": 0.5154445213749064
}{'bootstrap': True, 'ccp_alpha': 0.0, 'class_weight': None, 'criterion': 'gini', 'max_depth': None, 'max_features': 'sqrt', 'max_leaf_nodes': None, 'max_samples': None, 'min_impurity_decrease': 0.0, 'min_samples_leaf': 10, 'min_samples_split': 2, 'min_weight_fraction_leaf': 0.0, 'n_estimators': 100, 'n_jobs': None, 'oob_score': False, 'random_state': None, 'verbose': 0, 'warm_start': False}{'n_estimators': 100, 'min_samples_leaf': 10}