{
    "accuracy": 0.537149913618999,
    "precision": 0.2932457410612322,
    "recall": 0.6080460892490968,
    "f1": 0.39566968221567395,
    "roc_auc": 0.5608329033230187,
    "precision_recall_auc": 0.49948159659176566,
    "fbeta_0.5": 0.3271170413952511,
    "fbeta_2": 0.5005727607066058,
    "fbeta_3": 0.5491000077157943,
    "fbeta_4": 0.5719302558339625
}{'bootstrap': True, 'ccp_alpha': 0.0, 'class_weight': None, 'criterion': 'gini', 'max_depth': None, 'max_features': 'sqrt', 'max_leaf_nodes': None, 'max_samples': None, 'min_impurity_decrease': 0.0, 'min_samples_leaf': 5, 'min_samples_split': 2, 'min_weight_fraction_leaf': 0.0, 'n_estimators': 100, 'n_jobs': None, 'oob_score': False, 'random_state': None, 'verbose': 0, 'warm_start': False}