{
    "accuracy": 0.5431175024940993,
    "precision": 0.3184913257149624,
    "recall": 0.6050482553823311,
    "f1": 0.41731318272095336,
    "roc_auc": 0.5626065042722039,
    "precision_recall_auc": 0.5151678488010739,
    "fbeta_0.5": 0.35181604841051617,
    "fbeta_2": 0.5127760258380394,
    "fbeta_3": 0.5551037762330135,
    "fbeta_4": 0.5746354289075373
}{'activation': 'relu', 'alpha': 0.0001, 'batch_size': 200, 'beta_1': 0.9, 'beta_2': 0.999, 'early_stopping': False, 'epsilon': 1e-08, 'hidden_layer_sizes': (35, 35), 'learning_rate': 'constant', 'learning_rate_init': 0.001, 'max_fun': 15000, 'max_iter': 200, 'momentum': 0.9, 'n_iter_no_change': 10, 'nesterovs_momentum': True, 'power_t': 0.5, 'random_state': None, 'shuffle': True, 'solver': 'adam', 'tol': 0.0001, 'validation_fraction': 0.1, 'verbose': False, 'warm_start': False}{'hidden_layer_sizes': (35, 35), 'batch_size': 200}