{
    "accuracy": 0.5498394043360829,
    "precision": 0.31567653883579927,
    "recall": 0.5692560347348766,
    "f1": 0.40613438836681137,
    "roc_auc": 0.5559496278796239,
    "precision_recall_auc": 0.5007035060470846,
    "fbeta_0.5": 0.34655133216282324,
    "fbeta_2": 0.4904598351695212,
    "fbeta_3": 0.526928451096067,
    "fbeta_4": 0.5435710548994533
}{'activation': 'relu', 'alpha': 0.0001, 'batch_size': 100, 'beta_1': 0.9, 'beta_2': 0.999, 'early_stopping': False, 'epsilon': 1e-08, 'hidden_layer_sizes': (30,), 'learning_rate': 'constant', 'learning_rate_init': 0.001, 'max_fun': 15000, 'max_iter': 200, 'momentum': 0.9, 'n_iter_no_change': 10, 'nesterovs_momentum': True, 'power_t': 0.5, 'random_state': None, 'shuffle': True, 'solver': 'adam', 'tol': 0.0001, 'validation_fraction': 0.1, 'verbose': False, 'warm_start': False}{'hidden_layer_sizes': (30,), 'batch_size': 100}