{
    "accuracy": 0.5319432999239826,
    "precision": 0.3561256544502618,
    "recall": 0.5305048062861933,
    "f1": 0.426167111765489,
    "roc_auc": 0.5315745130465701,
    "precision_recall_auc": 0.5202238113970823,
    "fbeta_0.5": 0.38118508099202264,
    "fbeta_2": 0.4831858155625328,
    "fbeta_3": 0.505740887723218,
    "fbeta_4": 0.5156523135100425
}{'activation': 'relu', 'alpha': 0.0001, 'batch_size': 50, 'beta_1': 0.9, 'beta_2': 0.999, 'early_stopping': False, 'epsilon': 1e-08, 'hidden_layer_sizes': (35, 35), 'learning_rate': 'constant', 'learning_rate_init': 0.001, 'max_fun': 15000, 'max_iter': 200, 'momentum': 0.9, 'n_iter_no_change': 10, 'nesterovs_momentum': True, 'power_t': 0.5, 'random_state': None, 'shuffle': True, 'solver': 'adam', 'tol': 0.0001, 'validation_fraction': 0.1, 'verbose': False, 'warm_start': False}{'hidden_layer_sizes': (35, 35), 'batch_size': 50}