{
    "accuracy": 0.545362921659947,
    "precision": 0.34939634523035795,
    "recall": 0.34939634523035795,
    "f1": 0.34939634523035795,
    "roc_auc": 0.5,
    "precision_recall_auc": 0.34939634523035795,
    "fbeta_0.5": 0.3493963452303579,
    "fbeta_2": 0.3493963452303579,
    "fbeta_3": 0.3493963452303579,
    "fbeta_4": 0.34939634523035795
}