{
    "accuracy": 0.5490499279255667,
    "precision": 0.24736871834459906,
    "recall": 0.5301214542226527,
    "f1": 0.33733021798854856,
    "roc_auc": 0.5422010674248786,
    "precision_recall_auc": 0.4396121635561546,
    "fbeta_0.5": 0.27690777188094107,
    "fbeta_2": 0.43148125036947516,
    "fbeta_3": 0.4757421476111502,
    "fbeta_4": 0.4967229266144619
}{'bootstrap': True, 'ccp_alpha': 0.0, 'class_weight': None, 'criterion': 'gini', 'max_depth': None, 'max_features': 'sqrt', 'max_leaf_nodes': None, 'max_samples': None, 'min_impurity_decrease': 0.0, 'min_samples_leaf': 5, 'min_samples_split': 2, 'min_weight_fraction_leaf': 0.0, 'n_estimators': 100, 'n_jobs': None, 'oob_score': False, 'random_state': None, 'verbose': 0, 'warm_start': False}{'n_estimators': 100, 'min_samples_leaf': 5}