{
    "accuracy": 0.539771982702136,
    "precision": 0.23676612127045235,
    "recall": 0.506234112092967,
    "f1": 0.32263539577225736,
    "roc_auc": 0.5276370266091382,
    "precision_recall_auc": 0.4249531372556843,
    "fbeta_0.5": 0.2649753526035001,
    "fbeta_2": 0.4123691009130889,
    "fbeta_3": 0.45450593400860756,
    "fbeta_4": 0.47446926367634584
}{'ccp_alpha': 0.0, 'class_weight': None, 'criterion': 'gini', 'max_depth': None, 'max_features': None, 'max_leaf_nodes': None, 'min_impurity_decrease': 0.0, 'min_samples_leaf': 1, 'min_samples_split': 2, 'min_weight_fraction_leaf': 0.0, 'random_state': 0, 'splitter': 'best'}