{
    "accuracy": 0.537909711708604,
    "precision": 0.3577241267438088,
    "recall": 0.5159787080546727,
    "f1": 0.422519019981958,
    "roc_auc": 0.5322872562846899,
    "precision_recall_auc": 0.5161395363186432,
    "fbeta_0.5": 0.38110146864406047,
    "fbeta_2": 0.4740366288817873,
    "fbeta_3": 0.49411922869375735,
    "fbeta_4": 0.5028918986594646
}{'C': 1.0, 'class_weight': None, 'dual': False, 'fit_intercept': True, 'intercept_scaling': 1, 'l1_ratio': None, 'max_iter': 100, 'multi_class': 'auto', 'n_jobs': None, 'penalty': 'l2', 'random_state': 0, 'solver': 'saga', 'tol': 0.0001, 'verbose': 0, 'warm_start': False}