{
    "accuracy": 0.559462853826794,
    "precision": 0.32757196598755484,
    "recall": 0.32757196598755484,
    "f1": 0.32757196598755484,
    "roc_auc": 0.5,
    "precision_recall_auc": 0.32757196598755484,
    "fbeta_0.5": 0.32757196598755484,
    "fbeta_2": 0.32757196598755484,
    "fbeta_3": 0.32757196598755484,
    "fbeta_4": 0.32757196598755484
}