{
    "accuracy": 0.5631737109764703,
    "precision": 0.32930694551897977,
    "recall": 0.5936874311039122,
    "f1": 0.42363290499161244,
    "roc_auc": 0.572776080043314,
    "precision_recall_auc": 0.5164312467585346,
    "fbeta_0.5": 0.3615038780503174,
    "fbeta_2": 0.5115491079389941,
    "fbeta_3": 0.5495661155734002,
    "fbeta_4": 0.5669144276771204
}{'bootstrap': True, 'ccp_alpha': 0.0, 'class_weight': None, 'criterion': 'gini', 'max_depth': None, 'max_features': 'sqrt', 'max_leaf_nodes': None, 'max_samples': None, 'min_impurity_decrease': 0.0, 'min_samples_leaf': 5, 'min_samples_split': 2, 'min_weight_fraction_leaf': 0.0, 'n_estimators': 100, 'n_jobs': None, 'oob_score': False, 'random_state': None, 'verbose': 0, 'warm_start': False}{'n_estimators': 100, 'min_samples_leaf': 5}