{
    "accuracy": 0.6598536238154576,
    "precision": 0.21728669662053607,
    "recall": 0.21728669662053607,
    "f1": 0.21728669662053607,
    "roc_auc": 0.5,
    "precision_recall_auc": 0.21728669662053607,
    "fbeta_0.5": 0.21728669662053607,
    "fbeta_2": 0.21728669662053607,
    "fbeta_3": 0.21728669662053607,
    "fbeta_4": 0.21728669662053607
}