{
    "accuracy": 0.51984438780399,
    "precision": 0.3541213557830942,
    "recall": 0.565094468383801,
    "f1": 0.43539724627992393,
    "roc_auc": 0.5314451592508045,
    "precision_recall_auc": 0.5308503183232667,
    "fbeta_0.5": 0.3826966499848147,
    "fbeta_2": 0.504930485382766,
    "fbeta_3": 0.5333210654644155,
    "fbeta_4": 0.5459612558923977
}{'activation': 'relu', 'alpha': 0.0001, 'batch_size': 200, 'beta_1': 0.9, 'beta_2': 0.999, 'early_stopping': False, 'epsilon': 1e-08, 'hidden_layer_sizes': (20,), 'learning_rate': 'constant', 'learning_rate_init': 0.001, 'max_fun': 15000, 'max_iter': 200, 'momentum': 0.9, 'n_iter_no_change': 10, 'nesterovs_momentum': True, 'power_t': 0.5, 'random_state': None, 'shuffle': True, 'solver': 'adam', 'tol': 0.0001, 'validation_fraction': 0.1, 'verbose': False, 'warm_start': False}{'hidden_layer_sizes': (20,), 'batch_size': 200}