{
    "accuracy": 0.534996225572644,
    "precision": 0.25529744317216985,
    "recall": 0.5388984628110567,
    "f1": 0.34646212262892506,
    "roc_auc": 0.5363687470866917,
    "precision_recall_auc": 0.4498295726024909,
    "fbeta_0.5": 0.2853289155004793,
    "fbeta_2": 0.44093467457308666,
    "fbeta_3": 0.48501935536064944,
    "fbeta_4": 0.5058440785353051
}{'ccp_alpha': 0.0, 'class_weight': None, 'criterion': 'gini', 'max_depth': None, 'max_features': None, 'max_leaf_nodes': None, 'min_impurity_decrease': 0.0, 'min_samples_leaf': 1, 'min_samples_split': 2, 'min_weight_fraction_leaf': 0.0, 'random_state': 0, 'splitter': 'best'}