{
    "accuracy": 0.5334145607758483,
    "precision": 0.1075665633357404,
    "recall": 0.5404294839244194,
    "f1": 0.17942128677127084,
    "roc_auc": 0.5365564557330027,
    "precision_recall_auc": 0.34568694901245745,
    "fbeta_0.5": 0.12808473846231805,
    "fbeta_2": 0.29943544655252197,
    "fbeta_3": 0.3853565924157859,
    "fbeta_4": 0.43698820424700496
}{'activation': 'relu', 'alpha': 0.0001, 'batch_size': 100, 'beta_1': 0.9, 'beta_2': 0.999, 'early_stopping': False, 'epsilon': 1e-08, 'hidden_layer_sizes': (30,), 'learning_rate': 'constant', 'learning_rate_init': 0.001, 'max_fun': 15000, 'max_iter': 200, 'momentum': 0.9, 'n_iter_no_change': 10, 'nesterovs_momentum': True, 'power_t': 0.5, 'random_state': None, 'shuffle': True, 'solver': 'adam', 'tol': 0.0001, 'validation_fraction': 0.1, 'verbose': False, 'warm_start': False}