{
    "accuracy": 0.5313605407426888,
    "precision": 0.13506864920826817,
    "recall": 0.5453053550658827,
    "f1": 0.21650932355465397,
    "roc_auc": 0.537393457076402,
    "precision_recall_auc": 0.36718314446420386,
    "fbeta_0.5": 0.15899057437909672,
    "fbeta_2": 0.33923644953992044,
    "fbeta_3": 0.41826729184404243,
    "fbeta_4": 0.4626479639884828
}{'bootstrap': True, 'ccp_alpha': 0.0, 'class_weight': None, 'criterion': 'gini', 'max_depth': None, 'max_features': 'sqrt', 'max_leaf_nodes': None, 'max_samples': None, 'min_impurity_decrease': 0.0, 'min_samples_leaf': 10, 'min_samples_split': 2, 'min_weight_fraction_leaf': 0.0, 'n_estimators': 100, 'n_jobs': None, 'oob_score': False, 'random_state': None, 'verbose': 0, 'warm_start': False}