{
    "accuracy": 0.5207221422350538,
    "precision": 0.2479675106191861,
    "recall": 0.5389039773902254,
    "f1": 0.33965057769289525,
    "roc_auc": 0.5271171813858493,
    "precision_recall_auc": 0.44616673296773784,
    "fbeta_0.5": 0.27798219236805205,
    "fbeta_2": 0.436480747654201,
    "fbeta_3": 0.482314731665281,
    "fbeta_4": 0.5041118216427382
}{'activation': 'relu', 'alpha': 0.0001, 'batch_size': 200, 'beta_1': 0.9, 'beta_2': 0.999, 'early_stopping': False, 'epsilon': 1e-08, 'hidden_layer_sizes': (20,), 'learning_rate': 'constant', 'learning_rate_init': 0.001, 'max_fun': 15000, 'max_iter': 200, 'momentum': 0.9, 'n_iter_no_change': 10, 'nesterovs_momentum': True, 'power_t': 0.5, 'random_state': None, 'shuffle': True, 'solver': 'adam', 'tol': 0.0001, 'validation_fraction': 0.1, 'verbose': False, 'warm_start': False}