{
    "accuracy": 0.5403922427427793,
    "precision": 0.39034933278288425,
    "recall": 0.5591637242794775,
    "f1": 0.45974973185555945,
    "roc_auc": 0.5447299046113231,
    "precision_recall_auc": 0.5518454887959203,
    "fbeta_0.5": 0.41543364149270773,
    "fbeta_2": 0.5146496162700229,
    "fbeta_3": 0.5359840211806052,
    "fbeta_4": 0.5452918198644044
}{'bootstrap': True, 'ccp_alpha': 0.0, 'class_weight': None, 'criterion': 'gini', 'max_depth': None, 'max_features': 'sqrt', 'max_leaf_nodes': None, 'max_samples': None, 'min_impurity_decrease': 0.0, 'min_samples_leaf': 10, 'min_samples_split': 2, 'min_weight_fraction_leaf': 0.0, 'n_estimators': 100, 'n_jobs': None, 'oob_score': False, 'random_state': None, 'verbose': 0, 'warm_start': False}