{
    "accuracy": 0.5631980436528213,
    "precision": 0.7216031280547409,
    "recall": 0.5686489523671427,
    "f1": 0.6360599901672083,
    "roc_auc": 0.5603588185712555,
    "precision_recall_auc": 0.7898963397461878,
    "fbeta_0.5": 0.6847657170794736,
    "fbeta_2": 0.593822811835762,
    "fbeta_3": 0.5809633063623847,
    "fbeta_4": 0.575828668812643
}{'bootstrap': True, 'ccp_alpha': 0.0, 'class_weight': None, 'criterion': 'gini', 'max_depth': None, 'max_features': 'sqrt', 'max_leaf_nodes': None, 'max_samples': None, 'min_impurity_decrease': 0.0, 'min_samples_leaf': 5, 'min_samples_split': 2, 'min_weight_fraction_leaf': 0.0, 'n_estimators': 100, 'n_jobs': None, 'oob_score': False, 'random_state': None, 'verbose': 0, 'warm_start': False}