{
    "accuracy": 0.6364156957602877,
    "precision": 0.6377385139691276,
    "recall": 0.9929332281569927,
    "f1": 0.7766514192117931,
    "roc_auc": 0.5023406467771955,
    "precision_recall_auc": 0.8175853871529035,
    "fbeta_0.5": 0.6868811006633,
    "fbeta_2": 0.8934140826774428,
    "fbeta_3": 0.9405484600833324,
    "fbeta_4": 0.961434386845466
}{'C': 1.0, 'class_weight': None, 'dual': False, 'fit_intercept': True, 'intercept_scaling': 1, 'l1_ratio': None, 'max_iter': 100, 'multi_class': 'auto', 'n_jobs': None, 'penalty': 'l2', 'random_state': 0, 'solver': 'saga', 'tol': 0.0001, 'verbose': 0, 'warm_start': False}