{
    "accuracy": 0.5063854462947792,
    "precision": 0.3599452344033519,
    "recall": 0.5792782317367781,
    "f1": 0.44400176619127363,
    "roc_auc": 0.5240365552235183,
    "precision_recall_auc": 0.5411843710781707,
    "fbeta_0.5": 0.38943576556825715,
    "fbeta_2": 0.5163504915370067,
    "fbeta_3": 0.5460072255138007,
    "fbeta_4": 0.5592329851251191
}{'alpha': 0.2, 'class_prior': None, 'fit_prior': True, 'force_alpha': True, 'norm': False}{'norm': False, 'force_alpha': True, 'alpha': 0.2}