{
    "accuracy": 0.6756370317045831,
    "precision": 0.34631473802100676,
    "recall": 0.18553016494885483,
    "f1": 0.2416186753336163,
    "roc_auc": 0.5251758943408902,
    "precision_recall_auc": 0.3793385275087293,
    "fbeta_0.5": 0.29515683980030505,
    "fbeta_2": 0.20452086716332854,
    "fbeta_3": 0.1945632088950955,
    "fbeta_4": 0.19073928827031303
}{'ccp_alpha': 0.0, 'class_weight': None, 'criterion': 'gini', 'max_depth': None, 'max_features': None, 'max_leaf_nodes': None, 'min_impurity_decrease': 0.0, 'min_samples_leaf': 1, 'min_samples_split': 2, 'min_weight_fraction_leaf': 0.0, 'random_state': 0, 'splitter': 'best'}