{
    "accuracy": 0.5875902222599575,
    "precision": 0.6570390443730912,
    "recall": 0.7368198533584546,
    "f1": 0.6946462272668299,
    "roc_auc": 0.5314696439401333,
    "precision_recall_auc": 0.7807057455327315,
    "fbeta_0.5": 0.6715824614181407,
    "fbeta_2": 0.7193504617674092,
    "fbeta_3": 0.727980369119097,
    "fbeta_4": 0.7315943434546994
}{'ccp_alpha': 0.0, 'class_weight': None, 'criterion': 'gini', 'max_depth': None, 'max_features': None, 'max_leaf_nodes': None, 'min_impurity_decrease': 0.0, 'min_samples_leaf': 1, 'min_samples_split': 2, 'min_weight_fraction_leaf': 0.0, 'random_state': 0, 'splitter': 'best'}