{
    "accuracy": 0.6233286696106228,
    "precision": 0.38040104978667044,
    "recall": 0.21146218213431864,
    "f1": 0.2718210280202482,
    "roc_auc": 0.5199598207690592,
    "precision_recall_auc": 0.4270118804649281,
    "fbeta_0.5": 0.3279936824291296,
    "fbeta_2": 0.23207546157181,
    "fbeta_3": 0.2212898238523336,
    "fbeta_4": 0.2171345968824855
}{'ccp_alpha': 0.0, 'class_weight': None, 'criterion': 'gini', 'max_depth': None, 'max_features': None, 'max_leaf_nodes': None, 'min_impurity_decrease': 0.0, 'min_samples_leaf': 1, 'min_samples_split': 2, 'min_weight_fraction_leaf': 0.0, 'random_state': 0, 'splitter': 'best'}