{
    "accuracy": 0.5398265080176169,
    "precision": 0.38811507740853957,
    "recall": 0.547666672464474,
    "f1": 0.45428903268624526,
    "roc_auc": 0.5416381914640065,
    "precision_recall_auc": 0.5469903225847536,
    "fbeta_0.5": 0.4121281135063677,
    "fbeta_2": 0.5060591449694632,
    "fbeta_3": 0.5260414491325085,
    "fbeta_4": 0.5347357085201435
}{'bootstrap': True, 'ccp_alpha': 0.0, 'class_weight': None, 'criterion': 'gini', 'max_depth': None, 'max_features': 'sqrt', 'max_leaf_nodes': None, 'max_samples': None, 'min_impurity_decrease': 0.0, 'min_samples_leaf': 10, 'min_samples_split': 2, 'min_weight_fraction_leaf': 0.0, 'n_estimators': 100, 'n_jobs': None, 'oob_score': False, 'random_state': None, 'verbose': 0, 'warm_start': False}