{
    "accuracy": 0.5460556731634912,
    "precision": 0.42539650469744417,
    "recall": 0.5363733341824956,
    "f1": 0.4744822146634835,
    "roc_auc": 0.5442077734004985,
    "precision_recall_auc": 0.5694528197733275,
    "fbeta_0.5": 0.4437594678258578,
    "fbeta_2": 0.509775437322196,
    "fbeta_3": 0.5227362655266854,
    "fbeta_4": 0.528266660763174
}{'bootstrap': True, 'ccp_alpha': 0.0, 'class_weight': None, 'criterion': 'gini', 'max_depth': None, 'max_features': 'sqrt', 'max_leaf_nodes': None, 'max_samples': None, 'min_impurity_decrease': 0.0, 'min_samples_leaf': 5, 'min_samples_split': 2, 'min_weight_fraction_leaf': 0.0, 'n_estimators': 100, 'n_jobs': None, 'oob_score': False, 'random_state': None, 'verbose': 0, 'warm_start': False}