{
    "accuracy": 0.5686728958318126,
    "precision": 0.7249928689600091,
    "recall": 0.5758536939027042,
    "f1": 0.6418740435074677,
    "roc_auc": 0.5649326200251438,
    "precision_recall_auc": 0.7927755212542148,
    "fbeta_0.5": 0.6892893405420416,
    "fbeta_2": 0.6005621704998478,
    "fbeta_3": 0.5879484538848808,
    "fbeta_4": 0.5829072567829138
}{'bootstrap': True, 'ccp_alpha': 0.0, 'class_weight': None, 'criterion': 'gini', 'max_depth': None, 'max_features': 'sqrt', 'max_leaf_nodes': None, 'max_samples': None, 'min_impurity_decrease': 0.0, 'min_samples_leaf': 5, 'min_samples_split': 2, 'min_weight_fraction_leaf': 0.0, 'n_estimators': 100, 'n_jobs': None, 'oob_score': False, 'random_state': None, 'verbose': 0, 'warm_start': False}