{
    "accuracy": 0.5257865537630484,
    "precision": 0.2891698108906038,
    "recall": 0.6192754613807245,
    "f1": 0.39424668391729023,
    "roc_auc": 0.5570166845405048,
    "precision_recall_auc": 0.5016591886820787,
    "fbeta_0.5": 0.32367711905928465,
    "fbeta_2": 0.5041676106891165,
    "fbeta_3": 0.5558245673231771,
    "fbeta_4": 0.5803073668742961
}{'bootstrap': True, 'ccp_alpha': 0.0, 'class_weight': None, 'criterion': 'gini', 'max_depth': None, 'max_features': 'sqrt', 'max_leaf_nodes': None, 'max_samples': None, 'min_impurity_decrease': 0.0, 'min_samples_leaf': 5, 'min_samples_split': 2, 'min_weight_fraction_leaf': 0.0, 'n_estimators': 100, 'n_jobs': None, 'oob_score': False, 'random_state': None, 'verbose': 0, 'warm_start': False}