{
    "accuracy": 0.5052416295688071,
    "precision": 0.08934402268896588,
    "recall": 0.578026541337046,
    "f1": 0.15476623995069888,
    "roc_auc": 0.5385397560128338,
    "precision_recall_auc": 0.35021897658142526,
    "fbeta_0.5": 0.10752506273355733,
    "fbeta_2": 0.27604806022671113,
    "fbeta_3": 0.3736514473173569,
    "fbeta_4": 0.43732062968583396
}{'activation': 'relu', 'alpha': 0.0001, 'batch_size': 200, 'beta_1': 0.9, 'beta_2': 0.999, 'early_stopping': False, 'epsilon': 1e-08, 'hidden_layer_sizes': (20,), 'learning_rate': 'constant', 'learning_rate_init': 0.001, 'max_fun': 15000, 'max_iter': 200, 'momentum': 0.9, 'n_iter_no_change': 10, 'nesterovs_momentum': True, 'power_t': 0.5, 'random_state': None, 'shuffle': True, 'solver': 'adam', 'tol': 0.0001, 'validation_fraction': 0.1, 'verbose': False, 'warm_start': False}