{
    "accuracy": 0.4470952675555017,
    "precision": 0.0999400232203679,
    "recall": 0.6067696501590186,
    "f1": 0.17161381882982332,
    "roc_auc": 0.5186113949404357,
    "precision_recall_auc": 0.37191291084252825,
    "fbeta_0.5": 0.11998442028449363,
    "fbeta_2": 0.3012358717941403,
    "fbeta_3": 0.40259839863244046,
    "fbeta_4": 0.4673520065702541
}{'alpha': 0.2, 'class_prior': None, 'fit_prior': True, 'force_alpha': True, 'norm': False}