{
    "accuracy": 0.5147297264060451,
    "precision": 0.0934730889038983,
    "recall": 0.5969627954514362,
    "f1": 0.16163689552043667,
    "roc_auc": 0.5523502587998026,
    "precision_recall_auc": 0.3610096795557236,
    "fbeta_0.5": 0.11243987154406326,
    "fbeta_2": 0.2873752917220667,
    "fbeta_3": 0.38797912241547317,
    "fbeta_4": 0.45332599974116733
}{'bootstrap': True, 'ccp_alpha': 0.0, 'class_weight': None, 'criterion': 'gini', 'max_depth': None, 'max_features': 'sqrt', 'max_leaf_nodes': None, 'max_samples': None, 'min_impurity_decrease': 0.0, 'min_samples_leaf': 10, 'min_samples_split': 2, 'min_weight_fraction_leaf': 0.0, 'n_estimators': 100, 'n_jobs': None, 'oob_score': False, 'random_state': None, 'verbose': 0, 'warm_start': False}