{
    "accuracy": 0.513373202890133,
    "precision": 0.11015782677915534,
    "recall": 0.5871261725953444,
    "f1": 0.1855099020665458,
    "roc_auc": 0.5464062210264993,
    "precision_recall_auc": 0.36812712617313503,
    "fbeta_0.5": 0.13152789934944026,
    "fbeta_2": 0.3146488568314401,
    "fbeta_3": 0.4097220991811526,
    "fbeta_4": 0.4679422803798273
}{'bootstrap': True, 'ccp_alpha': 0.0, 'class_weight': None, 'criterion': 'gini', 'max_depth': None, 'max_features': 'sqrt', 'max_leaf_nodes': None, 'max_samples': None, 'min_impurity_decrease': 0.0, 'min_samples_leaf': 10, 'min_samples_split': 2, 'min_weight_fraction_leaf': 0.0, 'n_estimators': 100, 'n_jobs': None, 'oob_score': False, 'random_state': None, 'verbose': 0, 'warm_start': False}