{
    "accuracy": 0.4477555558498579,
    "precision": 0.12262517416944917,
    "recall": 0.593136083361216,
    "f1": 0.2032337312563692,
    "roc_auc": 0.510651234393839,
    "precision_recall_auc": 0.3820369638436685,
    "fbeta_0.5": 0.1457484457596952,
    "fbeta_2": 0.33559868430146633,
    "fbeta_3": 0.4286599277180204,
    "fbeta_4": 0.4839142320068818
}{'alpha': 0, 'class_prior': None, 'fit_prior': True, 'force_alpha': True}