{
    "accuracy": 0.5028785920912976,
    "precision": 0.23789928241864086,
    "recall": 0.5325677259254153,
    "f1": 0.3288848930969573,
    "roc_auc": 0.5133210568701285,
    "precision_recall_auc": 0.4386891075096687,
    "fbeta_0.5": 0.26750079149621453,
    "fbeta_2": 0.4268308852582479,
    "fbeta_3": 0.4738725932410183,
    "fbeta_4": 0.49639983346168387
}{'alpha': 0.2, 'class_prior': None, 'fit_prior': False, 'force_alpha': True}