{
    "accuracy": 0.47712671796356243,
    "precision": 0.0903172857617811,
    "recall": 0.6252585325811411,
    "f1": 0.1578355559663705,
    "roc_auc": 0.5448950476034378,
    "precision_recall_auc": 0.3724709676369309,
    "fbeta_0.5": 0.108961781894118,
    "fbeta_2": 0.28621423887656844,
    "fbeta_3": 0.3926785321685161,
    "fbeta_4": 0.4637017980057423
}{'ccp_alpha': 0.0, 'class_weight': None, 'criterion': 'gini', 'max_depth': None, 'max_features': None, 'max_leaf_nodes': None, 'min_impurity_decrease': 0.0, 'min_samples_leaf': 1, 'min_samples_split': 2, 'min_weight_fraction_leaf': 0.0, 'random_state': 0, 'splitter': 'best'}