{
    "accuracy": 0.5096883275282199,
    "precision": 0.13048239287335964,
    "recall": 0.552475184423944,
    "f1": 0.21110618422908445,
    "roc_auc": 0.5281991174069437,
    "precision_recall_auc": 0.3680492436799919,
    "fbeta_0.5": 0.1540095788702263,
    "fbeta_2": 0.33548010500583725,
    "fbeta_3": 0.4174634355806063,
    "fbeta_4": 0.464170843112788
}{'activation': 'relu', 'alpha': 0.0001, 'batch_size': 200, 'beta_1': 0.9, 'beta_2': 0.999, 'early_stopping': False, 'epsilon': 1e-08, 'hidden_layer_sizes': (15,), 'learning_rate': 'constant', 'learning_rate_init': 0.001, 'max_fun': 15000, 'max_iter': 200, 'momentum': 0.9, 'n_iter_no_change': 10, 'nesterovs_momentum': True, 'power_t': 0.5, 'random_state': None, 'shuffle': True, 'solver': 'adam', 'tol': 0.0001, 'validation_fraction': 0.1, 'verbose': False, 'warm_start': False}