{
    "accuracy": 0.5784363822176801,
    "precision": 0.7158801624203152,
    "recall": 0.616734938012035,
    "f1": 0.662619397680691,
    "roc_auc": 0.5584877413766784,
    "precision_recall_auc": 0.7949392021615727,
    "fbeta_0.5": 0.6935804089752788,
    "fbeta_2": 0.6343044303349129,
    "fbeta_3": 0.6253963119326421,
    "fbeta_4": 0.621800570364072
}{'bootstrap': True, 'ccp_alpha': 0.0, 'class_weight': None, 'criterion': 'gini', 'max_depth': None, 'max_features': 'sqrt', 'max_leaf_nodes': None, 'max_samples': None, 'min_impurity_decrease': 0.0, 'min_samples_leaf': 5, 'min_samples_split': 2, 'min_weight_fraction_leaf': 0.0, 'n_estimators': 100, 'n_jobs': None, 'oob_score': False, 'random_state': None, 'verbose': 0, 'warm_start': False}