{
    "accuracy": 0.5059128403533104,
    "precision": 0.3730159579591793,
    "recall": 0.6061955368479641,
    "f1": 0.4618422273166983,
    "roc_auc": 0.5290858876063573,
    "precision_recall_auc": 0.5584702630616489,
    "fbeta_0.5": 0.40410458577308833,
    "fbeta_2": 0.538829022433172,
    "fbeta_3": 0.5705305547825233,
    "fbeta_4": 0.5846952742516932
}{'bootstrap': True, 'ccp_alpha': 0.0, 'class_weight': None, 'criterion': 'gini', 'max_depth': None, 'max_features': 'sqrt', 'max_leaf_nodes': None, 'max_samples': None, 'min_impurity_decrease': 0.0, 'min_samples_leaf': 10, 'min_samples_split': 2, 'min_weight_fraction_leaf': 0.0, 'n_estimators': 100, 'n_jobs': None, 'oob_score': False, 'random_state': None, 'verbose': 0, 'warm_start': False}