{
    "accuracy": 0.49346059323064945,
    "precision": 0.28558250803337015,
    "recall": 0.687750219705107,
    "f1": 0.40358127708340796,
    "roc_auc": 0.5583633779365565,
    "precision_recall_auc": 0.5255712717700586,
    "fbeta_0.5": 0.323405300664879,
    "fbeta_2": 0.5366142617149258,
    "fbeta_3": 0.6028541042995591,
    "fbeta_4": 0.6351370884858933
}{'bootstrap': True, 'ccp_alpha': 0.0, 'class_weight': None, 'criterion': 'gini', 'max_depth': None, 'max_features': 'sqrt', 'max_leaf_nodes': None, 'max_samples': None, 'min_impurity_decrease': 0.0, 'min_samples_leaf': 5, 'min_samples_split': 2, 'min_weight_fraction_leaf': 0.0, 'n_estimators': 100, 'n_jobs': None, 'oob_score': False, 'random_state': None, 'verbose': 0, 'warm_start': False}