{
    "accuracy": 0.5003710733143538,
    "precision": 0.2350470317492236,
    "recall": 0.6063575319173463,
    "f1": 0.3387729142682328,
    "roc_auc": 0.5391856747944264,
    "precision_recall_auc": 0.46224728511819624,
    "fbeta_0.5": 0.26785145956130413,
    "fbeta_2": 0.46077701370943014,
    "fbeta_3": 0.5236370876420153,
    "fbeta_4": 0.5548024036060294
}{'bootstrap': True, 'ccp_alpha': 0.0, 'class_weight': None, 'criterion': 'gini', 'max_depth': None, 'max_features': 'sqrt', 'max_leaf_nodes': None, 'max_samples': None, 'min_impurity_decrease': 0.0, 'min_samples_leaf': 10, 'min_samples_split': 2, 'min_weight_fraction_leaf': 0.0, 'n_estimators': 100, 'n_jobs': None, 'oob_score': False, 'random_state': None, 'verbose': 0, 'warm_start': False}