{
    "accuracy": 0.532429374406891,
    "precision": 0.3147081018042121,
    "recall": 0.6192211648781805,
    "f1": 0.4173205066975961,
    "roc_auc": 0.559741901381535,
    "precision_recall_auc": 0.5184464933309766,
    "fbeta_0.5": 0.3490371520090084,
    "fbeta_2": 0.5188188459885549,
    "fbeta_3": 0.5645910637695607,
    "fbeta_4": 0.5858744074583248
}{'bootstrap': True, 'ccp_alpha': 0.0, 'class_weight': None, 'criterion': 'gini', 'max_depth': None, 'max_features': 'sqrt', 'max_leaf_nodes': None, 'max_samples': None, 'min_impurity_decrease': 0.0, 'min_samples_leaf': 5, 'min_samples_split': 2, 'min_weight_fraction_leaf': 0.0, 'n_estimators': 100, 'n_jobs': None, 'oob_score': False, 'random_state': None, 'verbose': 0, 'warm_start': False}