{
    "accuracy": 0.5161264812516728,
    "precision": 0.41112244030928713,
    "recall": 0.61630073081026,
    "f1": 0.4932243452111698,
    "roc_auc": 0.5352449992441353,
    "precision_recall_auc": 0.5870107314828337,
    "fbeta_0.5": 0.44044923364018074,
    "fbeta_2": 0.5603682899994209,
    "fbeta_3": 0.5870051485028398,
    "fbeta_4": 0.598724005153476
}{'bootstrap': True, 'ccp_alpha': 0.0, 'class_weight': None, 'criterion': 'gini', 'max_depth': None, 'max_features': 'sqrt', 'max_leaf_nodes': None, 'max_samples': None, 'min_impurity_decrease': 0.0, 'min_samples_leaf': 5, 'min_samples_split': 2, 'min_weight_fraction_leaf': 0.0, 'n_estimators': 100, 'n_jobs': None, 'oob_score': False, 'random_state': None, 'verbose': 0, 'warm_start': False}