{
    "accuracy": 0.5022416377672292,
    "precision": 0.10786546061384115,
    "recall": 0.5877675922708929,
    "f1": 0.18227949868475715,
    "roc_auc": 0.5405476262249379,
    "precision_recall_auc": 0.3672713818316628,
    "fbeta_0.5": 0.12891719521202386,
    "fbeta_2": 0.3110184023051494,
    "fbeta_3": 0.4067854607838377,
    "fbeta_4": 0.46584976018934404
}{'C': 1.0, 'class_weight': None, 'dual': False, 'fit_intercept': True, 'intercept_scaling': 1, 'l1_ratio': None, 'max_iter': 100, 'multi_class': 'auto', 'n_jobs': None, 'penalty': 'l2', 'random_state': 0, 'solver': 'saga', 'tol': 0.0001, 'verbose': 0, 'warm_start': False}