{
    "accuracy": 0.528390150132613,
    "precision": 0.29102797114868034,
    "recall": 0.62152133580705,
    "f1": 0.3964280987489003,
    "roc_auc": 0.5595007832781687,
    "precision_recall_auc": 0.5034313802462425,
    "fbeta_0.5": 0.32566206868323033,
    "fbeta_2": 0.5064872542661505,
    "fbeta_3": 0.5581387191746737,
    "fbeta_4": 0.5826032060540551
}{'bootstrap': True, 'ccp_alpha': 0.0, 'class_weight': None, 'criterion': 'gini', 'max_depth': None, 'max_features': 'sqrt', 'max_leaf_nodes': None, 'max_samples': None, 'min_impurity_decrease': 0.0, 'min_samples_leaf': 5, 'min_samples_split': 2, 'min_weight_fraction_leaf': 0.0, 'n_estimators': 100, 'n_jobs': None, 'oob_score': False, 'random_state': None, 'verbose': 0, 'warm_start': False}