{
    "accuracy": 0.5324232912378033,
    "precision": 0.38353874827150847,
    "recall": 0.5547979754057015,
    "f1": 0.45353979155113827,
    "roc_auc": 0.5375935711726108,
    "precision_recall_auc": 0.5470207598238593,
    "fbeta_0.5": 0.4087755316504038,
    "fbeta_2": 0.5093138147200745,
    "fbeta_3": 0.5310838125747166,
    "fbeta_4": 0.5405985526188546
}{'bootstrap': True, 'ccp_alpha': 0.0, 'class_weight': None, 'criterion': 'gini', 'max_depth': None, 'max_features': 'sqrt', 'max_leaf_nodes': None, 'max_samples': None, 'min_impurity_decrease': 0.0, 'min_samples_leaf': 10, 'min_samples_split': 2, 'min_weight_fraction_leaf': 0.0, 'n_estimators': 100, 'n_jobs': None, 'oob_score': False, 'random_state': None, 'verbose': 0, 'warm_start': False}