{
    "accuracy": 0.5463873739998147,
    "precision": 0.34770526273075814,
    "recall": 0.3477052627307582,
    "f1": 0.34770526273075814,
    "roc_auc": 0.5,
    "precision_recall_auc": 0.3477052627307582,
    "fbeta_0.5": 0.34770526273075814,
    "fbeta_2": 0.34770526273075814,
    "fbeta_3": 0.34770526273075814,
    "fbeta_4": 0.34770526273075814
}