{
    "accuracy": 0.5981092173595136,
    "precision": 0.27851724970156977,
    "recall": 0.27851724970156977,
    "f1": 0.27851724970156977,
    "roc_auc": 0.5,
    "precision_recall_auc": 0.27851724970156977,
    "fbeta_0.5": 0.27851724970156977,
    "fbeta_2": 0.27851724970156977,
    "fbeta_3": 0.2785172497015698,
    "fbeta_4": 0.27851724970156977
}