{
    "accuracy": 0.5690870973889842,
    "precision": 0.3898678414096916,
    "recall": 0.5025553662691652,
    "f1": 0.4390969982634582,
    "roc_auc": 0.5526259332780135,
    "precision_recall_auc": 0.5296878759949459,
    "fbeta_0.5": 0.4081726777972512,
    "fbeta_2": 0.4750912604681125,
    "fbeta_3": 0.488437551741266,
    "fbeta_4": 0.4941535833935492
}{'ccp_alpha': 0.0, 'class_weight': None, 'criterion': 'gini', 'max_depth': None, 'max_features': None, 'max_leaf_nodes': None, 'min_impurity_decrease': 0.0, 'min_samples_leaf': 1, 'min_samples_split': 2, 'min_weight_fraction_leaf': 0.0, 'random_state': 0, 'splitter': 'best'}