{
    "accuracy": 0.5514048894192882,
    "precision": 0.339680179922618,
    "recall": 0.339680179922618,
    "f1": 0.339680179922618,
    "roc_auc": 0.5,
    "precision_recall_auc": 0.339680179922618,
    "fbeta_0.5": 0.339680179922618,
    "fbeta_2": 0.339680179922618,
    "fbeta_3": 0.339680179922618,
    "fbeta_4": 0.33968017992261806
}