{
    "accuracy": 0.6582809224318659,
    "precision": 0.93424317617866,
    "recall": 0.6557805355976486,
    "f1": 0.7706281182039145,
    "roc_auc": 0.6658107570954603,
    "precision_recall_auc": 0.9456693744702012,
    "fbeta_0.5": 0.8611126994110583,
    "fbeta_2": 0.6973513613632153,
    "fbeta_3": 0.6759273804447836,
    "fbeta_4": 0.6674835749296069
}{'bootstrap': True, 'ccp_alpha': 0.0, 'class_weight': None, 'criterion': 'gini', 'max_depth': None, 'max_features': 'sqrt', 'max_leaf_nodes': None, 'max_samples': None, 'min_impurity_decrease': 0.0, 'min_samples_leaf': 5, 'min_samples_split': 2, 'min_weight_fraction_leaf': 0.0, 'n_estimators': 100, 'n_jobs': None, 'oob_score': False, 'random_state': None, 'verbose': 0, 'warm_start': False}{'n_estimators': 100, 'min_samples_leaf': 5}