{
    "accuracy": 0.6077758719268154,
    "precision": 0.43389830508474575,
    "recall": 0.586483390607102,
    "f1": 0.4987822698490015,
    "roc_auc": 0.6024390674829283,
    "precision_recall_auc": 0.5789920675905399,
    "fbeta_0.5": 0.45771500089397466,
    "fbeta_2": 0.5479452054794521,
    "fbeta_3": 0.56655969901516,
    "fbeta_4": 0.5745973065751255
}{'bootstrap': True, 'ccp_alpha': 0.0, 'class_weight': None, 'criterion': 'gini', 'max_depth': None, 'max_features': 'sqrt', 'max_leaf_nodes': None, 'max_samples': None, 'min_impurity_decrease': 0.0, 'min_samples_leaf': 5, 'min_samples_split': 2, 'min_weight_fraction_leaf': 0.0, 'n_estimators': 100, 'n_jobs': None, 'oob_score': False, 'random_state': None, 'verbose': 0, 'warm_start': False}{'n_estimators': 100, 'min_samples_leaf': 5}