{
    "accuracy": 0.779747494938754,
    "precision": 0.8739969885833,
    "recall": 0.8739969885833,
    "f1": 0.8739969885832999,
    "roc_auc": 0.5,
    "precision_recall_auc": 0.8739969885833,
    "fbeta_0.5": 0.8739969885832999,
    "fbeta_2": 0.8739969885832999,
    "fbeta_3": 0.8739969885832999,
    "fbeta_4": 0.8739969885832999
}