{
    "accuracy": 0.5563178959405375,
    "precision": 0.4822635135135135,
    "recall": 0.5089126559714795,
    "f1": 0.49522983521248914,
    "roc_auc": 0.5503271238565356,
    "precision_recall_auc": 0.6006004727737525,
    "fbeta_0.5": 0.48736770228747006,
    "fbeta_2": 0.5033497884344147,
    "fbeta_3": 0.5061159368906223,
    "fbeta_4": 0.507263795986622
}{'ccp_alpha': 0.0, 'class_weight': None, 'criterion': 'gini', 'max_depth': None, 'max_features': None, 'max_leaf_nodes': None, 'min_impurity_decrease': 0.0, 'min_samples_leaf': 1, 'min_samples_split': 2, 'min_weight_fraction_leaf': 0.0, 'random_state': 0, 'splitter': 'best'}