{
    "accuracy": 0.5881456070135316,
    "precision": 0.4118942731277533,
    "recall": 0.5309483248154457,
    "f1": 0.46390473827834283,
    "roc_auc": 0.5739939558672753,
    "precision_recall_auc": 0.5501329437209801,
    "fbeta_0.5": 0.4312332810626327,
    "fbeta_2": 0.5019325746188534,
    "fbeta_3": 0.5160328936475523,
    "fbeta_4": 0.5220718649412074
}{'bootstrap': True, 'ccp_alpha': 0.0, 'class_weight': None, 'criterion': 'gini', 'max_depth': None, 'max_features': 'sqrt', 'max_leaf_nodes': None, 'max_samples': None, 'min_impurity_decrease': 0.0, 'min_samples_leaf': 10, 'min_samples_split': 2, 'min_weight_fraction_leaf': 0.0, 'n_estimators': 100, 'n_jobs': None, 'oob_score': False, 'random_state': None, 'verbose': 0, 'warm_start': False}{'n_estimators': 100, 'min_samples_leaf': 10}