{
    "accuracy": 0.5711835334476844,
    "precision": 0.6099919419822724,
    "recall": 0.5414878397711016,
    "f1": 0.5737021599090565,
    "roc_auc": 0.5732734996489127,
    "precision_recall_auc": 0.6979049375700356,
    "fbeta_0.5": 0.5949386985224772,
    "fbeta_2": 0.5539294599736573,
    "fbeta_3": 0.5476379946466035,
    "fbeta_4": 0.5450887373459274
}{'alpha': 100, 'class_prior': None, 'fit_prior': True, 'force_alpha': True}{'force_alpha': True, 'fit_prior': True, 'alpha': 100}