{
    "accuracy": 0.6216885839527349,
    "precision": 0.9264224983649444,
    "recall": 0.6168081863705639,
    "f1": 0.7405567899620965,
    "roc_auc": 0.6363857445614287,
    "precision_recall_auc": 0.9393302270637709,
    "fbeta_0.5": 0.8419019316493312,
    "fbeta_2": 0.6609892673821745,
    "fbeta_3": 0.6381349251041784,
    "fbeta_4": 0.629177226765605
}{'C': 1.0, 'class_weight': None, 'dual': False, 'fit_intercept': True, 'intercept_scaling': 1, 'l1_ratio': None, 'max_iter': 1000, 'multi_class': 'auto', 'n_jobs': None, 'penalty': 'l2', 'random_state': 0, 'solver': 'lbfgs', 'tol': 0.0001, 'verbose': 0, 'warm_start': False}