{
    "accuracy": 0.5595578425767105,
    "precision": 0.39052547770700635,
    "recall": 0.5570698466780238,
    "f1": 0.4591621811373742,
    "roc_auc": 0.5589422669993677,
    "precision_recall_auc": 0.5481258497282498,
    "fbeta_0.5": 0.4153611652129732,
    "fbeta_2": 0.5132900795311847,
    "fbeta_3": 0.5342846250204237,
    "fbeta_4": 0.5434371741397289
}{'C': 1.0, 'class_weight': None, 'dual': False, 'fit_intercept': True, 'intercept_scaling': 1, 'l1_ratio': None, 'max_iter': 1000, 'multi_class': 'auto', 'n_jobs': None, 'penalty': 'l2', 'random_state': 0, 'solver': 'lbfgs', 'tol': 0.0001, 'verbose': 0, 'warm_start': False}