{
    "accuracy": 0.5683247570040023,
    "precision": 0.3920997920997921,
    "recall": 0.5400916380297823,
    "f1": 0.4543483497952301,
    "roc_auc": 0.5612483325824432,
    "precision_recall_auc": 0.5426156312073449,
    "fbeta_0.5": 0.4148337145873659,
    "fbeta_2": 0.5021834061135371,
    "fbeta_3": 0.520448148352558,
    "fbeta_4": 0.5283609637124682
}{'C': 1.0, 'class_weight': None, 'dual': False, 'fit_intercept': True, 'intercept_scaling': 1, 'l1_ratio': None, 'max_iter': 1000, 'multi_class': 'auto', 'n_jobs': None, 'penalty': 'l2', 'random_state': 0, 'solver': 'lbfgs', 'tol': 0.0001, 'verbose': 0, 'warm_start': False}