{
    "accuracy": 0.6129216695254431,
    "precision": 0.6442851754055073,
    "recall": 0.6108726752503576,
    "f1": 0.6271342023131998,
    "roc_auc": 0.613065876588867,
    "precision_recall_auc": 0.7312572176854701,
    "fbeta_0.5": 0.6373134328358209,
    "fbeta_2": 0.617275027105168,
    "fbeta_3": 0.6140571634010427,
    "fbeta_4": 0.612741891235993
}{'bootstrap': True, 'ccp_alpha': 0.0, 'class_weight': None, 'criterion': 'gini', 'max_depth': None, 'max_features': 'sqrt', 'max_leaf_nodes': None, 'max_samples': None, 'min_impurity_decrease': 0.0, 'min_samples_leaf': 5, 'min_samples_split': 2, 'min_weight_fraction_leaf': 0.0, 'n_estimators': 100, 'n_jobs': None, 'oob_score': False, 'random_state': None, 'verbose': 0, 'warm_start': False}{'n_estimators': 100, 'min_samples_leaf': 5}