{
    "accuracy": 0.5858585858585859,
    "precision": 0.4043030031376065,
    "recall": 0.5166093928980527,
    "f1": 0.4536082474226804,
    "roc_auc": 0.5685017829957273,
    "precision_recall_auc": 0.5408831086334195,
    "fbeta_0.5": 0.42268041237113396,
    "fbeta_2": 0.48941942485078677,
    "fbeta_3": 0.502646976873781,
    "fbeta_4": 0.508303775648888
}{'ccp_alpha': 0.0, 'class_weight': None, 'criterion': 'gini', 'max_depth': None, 'max_features': None, 'max_leaf_nodes': None, 'min_impurity_decrease': 0.0, 'min_samples_leaf': 1, 'min_samples_split': 2, 'min_weight_fraction_leaf': 0.0, 'random_state': 0, 'splitter': 'best'}