{
    "accuracy": 0.5650848103678292,
    "precision": 0.26944190301921317,
    "recall": 0.46232339089481944,
    "f1": 0.3404624277456647,
    "roc_auc": 0.5301800694720762,
    "precision_recall_auc": 0.43115804242109107,
    "fbeta_0.5": 0.293970852465562,
    "fbeta_2": 0.4044218621257896,
    "fbeta_3": 0.4314386170524465,
    "fbeta_4": 0.4436420026583961
}{'alpha': 10, 'class_prior': None, 'fit_prior': True, 'force_alpha': True, 'norm': True}{'norm': True, 'force_alpha': True, 'alpha': 10}