{
    "accuracy": 0.5883361921097771,
    "precision": 0.6150506512301013,
    "recall": 0.6080114449213162,
    "f1": 0.6115107913669064,
    "roc_auc": 0.5869514588947666,
    "precision_recall_auc": 0.7159716808182283,
    "fbeta_0.5": 0.613629800750794,
    "fbeta_2": 0.6094063665041584,
    "fbeta_3": 0.6087081065597251,
    "fbeta_4": 0.608421052631579
}{'activation': 'relu', 'alpha': 0.0001, 'batch_size': 10, 'beta_1': 0.9, 'beta_2': 0.999, 'early_stopping': False, 'epsilon': 1e-08, 'hidden_layer_sizes': (20, 20), 'learning_rate': 'constant', 'learning_rate_init': 0.001, 'max_fun': 15000, 'max_iter': 500, 'momentum': 0.9, 'n_iter_no_change': 10, 'nesterovs_momentum': True, 'power_t': 0.5, 'random_state': None, 'shuffle': True, 'solver': 'adam', 'tol': 0.0001, 'validation_fraction': 0.1, 'verbose': False, 'warm_start': False}{'max_iter': 500, 'hidden_layer_sizes': (20, 20), 'batch_size': 10}