{
    "accuracy": 0.541261673337145,
    "precision": 0.4571728849185497,
    "recall": 0.3877005347593583,
    "f1": 0.4195804195804196,
    "roc_auc": 0.5218555953850071,
    "precision_recall_auc": 0.5533686709595944,
    "fbeta_0.5": 0.4413555194805195,
    "fbeta_2": 0.3998529276587922,
    "fbeta_3": 0.39368297208018466,
    "fbeta_4": 0.39119739730737696
}{'alpha': 10, 'class_prior': None, 'fit_prior': True, 'force_alpha': True, 'norm': True}{'norm': True, 'force_alpha': True, 'alpha': 10}