{
    "accuracy": 0.5589737724804377,
    "precision": 0.3282825395010197,
    "recall": 0.3282825395010197,
    "f1": 0.3282825395010197,
    "roc_auc": 0.5,
    "precision_recall_auc": 0.3282825395010197,
    "fbeta_0.5": 0.32828253950101977,
    "fbeta_2": 0.32828253950101977,
    "fbeta_3": 0.32828253950101977,
    "fbeta_4": 0.3282825395010197
}