{
    "accuracy": 0.558986087287974,
    "precision": 0.48225152129817445,
    "recall": 0.42379679144385024,
    "f1": 0.45113851992409865,
    "roc_auc": 0.5419017257252552,
    "precision_recall_auc": 0.576237421093711,
    "fbeta_0.5": 0.46930517173312275,
    "fbeta_2": 0.43432590427475337,
    "fbeta_3": 0.4289967520750631,
    "fbeta_4": 0.42684021543985645
}{'activation': 'relu', 'alpha': 0.0001, 'batch_size': 10, 'beta_1': 0.9, 'beta_2': 0.999, 'early_stopping': False, 'epsilon': 1e-08, 'hidden_layer_sizes': (20, 20), 'learning_rate': 'constant', 'learning_rate_init': 0.001, 'max_fun': 15000, 'max_iter': 500, 'momentum': 0.9, 'n_iter_no_change': 10, 'nesterovs_momentum': True, 'power_t': 0.5, 'random_state': None, 'shuffle': True, 'solver': 'adam', 'tol': 0.0001, 'validation_fraction': 0.1, 'verbose': False, 'warm_start': False}{'max_iter': 500, 'hidden_layer_sizes': (20, 20), 'batch_size': 10}