{
    "accuracy": 0.5765199161425576,
    "precision": 0.39841339797267517,
    "recall": 0.5133446905167518,
    "f1": 0.4486352357320099,
    "roc_auc": 0.5608892127282554,
    "precision_recall_auc": 0.537544757985899,
    "fbeta_0.5": 0.41708960044292703,
    "fbeta_2": 0.48534306882851924,
    "fbeta_3": 0.49895131913014684,
    "fbeta_4": 0.5047791098702579
}{'activation': 'relu', 'alpha': 0.0001, 'batch_size': 1, 'beta_1': 0.9, 'beta_2': 0.999, 'early_stopping': False, 'epsilon': 1e-08, 'hidden_layer_sizes': (20, 20), 'learning_rate': 'constant', 'learning_rate_init': 0.001, 'max_fun': 15000, 'max_iter': 500, 'momentum': 0.9, 'n_iter_no_change': 10, 'nesterovs_momentum': True, 'power_t': 0.5, 'random_state': None, 'shuffle': True, 'solver': 'adam', 'tol': 0.0001, 'validation_fraction': 0.1, 'verbose': False, 'warm_start': False}{'max_iter': 500, 'hidden_layer_sizes': (20, 20), 'batch_size': 1}