{
    "accuracy": 0.5089892972791755,
    "precision": 0.43295785922579905,
    "recall": 0.43295785922579905,
    "f1": 0.43295785922579905,
    "roc_auc": 0.5,
    "precision_recall_auc": 0.43295785922579905,
    "fbeta_0.5": 0.43295785922579905,
    "fbeta_2": 0.43295785922579905,
    "fbeta_3": 0.43295785922579905,
    "fbeta_4": 0.43295785922579905
}