{
    "accuracy": 0.5283018867924528,
    "precision": 0.267518389469609,
    "recall": 0.542386185243328,
    "f1": 0.3583095670210008,
    "roc_auc": 0.5330858688612814,
    "precision_recall_auc": 0.46050784291202407,
    "fbeta_0.5": 0.2976908495605721,
    "fbeta_2": 0.4499283760906368,
    "fbeta_3": 0.4918499537333618,
    "fbeta_4": 0.5114729829755736
}{'C': 1.0, 'class_weight': None, 'dual': False, 'fit_intercept': True, 'intercept_scaling': 1, 'l1_ratio': None, 'max_iter': 1000, 'multi_class': 'auto', 'n_jobs': None, 'penalty': 'l2', 'random_state': 0, 'solver': 'lbfgs', 'tol': 0.0001, 'verbose': 0, 'warm_start': False}