{
    "accuracy": 0.5896702877834953,
    "precision": 0.27286821705426356,
    "recall": 0.41444270015698587,
    "f1": 0.3290744780305391,
    "roc_auc": 0.5301511260664113,
    "precision_recall_auc": 0.4147436995051863,
    "fbeta_0.5": 0.2928777457288662,
    "fbeta_2": 0.3754800170672735,
    "fbeta_3": 0.3940004477277816,
    "fbeta_4": 0.4021685559388861
}{'activation': 'relu', 'alpha': 0.0001, 'batch_size': 50, 'beta_1': 0.9, 'beta_2': 0.999, 'early_stopping': False, 'epsilon': 1e-08, 'hidden_layer_sizes': (30,), 'learning_rate': 'constant', 'learning_rate_init': 0.001, 'max_fun': 15000, 'max_iter': 500, 'momentum': 0.9, 'n_iter_no_change': 10, 'nesterovs_momentum': True, 'power_t': 0.5, 'random_state': None, 'shuffle': True, 'solver': 'adam', 'tol': 0.0001, 'validation_fraction': 0.1, 'verbose': False, 'warm_start': False}{'max_iter': 500, 'hidden_layer_sizes': (30,), 'batch_size': 50}