{
    "accuracy": 0.6113969887554793,
    "precision": 0.4199890770070999,
    "recall": 0.4404352806414662,
    "f1": 0.4299692479731618,
    "roc_auc": 0.5685466891639207,
    "precision_recall_auc": 0.523312998340197,
    "fbeta_0.5": 0.42392502756339573,
    "fbeta_2": 0.43618831537152575,
    "fbeta_3": 0.4383015104018238,
    "fbeta_4": 0.43917761279268985
}{'activation': 'relu', 'alpha': 0.0001, 'batch_size': 100, 'beta_1': 0.9, 'beta_2': 0.999, 'early_stopping': False, 'epsilon': 1e-08, 'hidden_layer_sizes': (30,), 'learning_rate': 'constant', 'learning_rate_init': 0.001, 'max_fun': 15000, 'max_iter': 500, 'momentum': 0.9, 'n_iter_no_change': 10, 'nesterovs_momentum': True, 'power_t': 0.5, 'random_state': None, 'shuffle': True, 'solver': 'adam', 'tol': 0.0001, 'validation_fraction': 0.1, 'verbose': False, 'warm_start': False}{'max_iter': 500, 'hidden_layer_sizes': (30,), 'batch_size': 100}