{
    "accuracy": 0.538021726700972,
    "precision": 0.27816358024691357,
    "recall": 0.5659340659340659,
    "f1": 0.37299534402483187,
    "roc_auc": 0.5475026483710098,
    "precision_recall_auc": 0.4747456022023632,
    "fbeta_0.5": 0.3096546985054114,
    "fbeta_2": 0.46891259105098854,
    "fbeta_3": 0.5128752311850903,
    "fbeta_4": 0.5334697075208914
}{'bootstrap': True, 'ccp_alpha': 0.0, 'class_weight': None, 'criterion': 'gini', 'max_depth': None, 'max_features': 'sqrt', 'max_leaf_nodes': None, 'max_samples': None, 'min_impurity_decrease': 0.0, 'min_samples_leaf': 5, 'min_samples_split': 2, 'min_weight_fraction_leaf': 0.0, 'n_estimators': 100, 'n_jobs': None, 'oob_score': False, 'random_state': None, 'verbose': 0, 'warm_start': False}{'n_estimators': 100, 'min_samples_leaf': 5}