{
    "accuracy": 0.6389337246465574,
    "precision": 0.23643433015038023,
    "recall": 0.23643433015038023,
    "f1": 0.23643433015038026,
    "roc_auc": 0.5,
    "precision_recall_auc": 0.23643433015038023,
    "fbeta_0.5": 0.23643433015038023,
    "fbeta_2": 0.23643433015038023,
    "fbeta_3": 0.2364343301503802,
    "fbeta_4": 0.23643433015038026
}