{
    "precision_macro": 0.25,
    "recall_macro": 0.25,
    "f1_macro": 0.25,
    "fbeta_0.5_macro": 0.25,
    "fbeta_2_macro": 0.25,
    "fbeta_3_macro": 0.25,
    "fbeta_4_macro": 0.25,
    "precision_weighted": 0.502165143092761,
    "recall_weighted": 0.502165143092761,
    "f1_weighted": 0.502165143092761,
    "fbeta_0.5_weighted": 0.502165143092761,
    "fbeta_2_weighted": 0.502165143092761,
    "fbeta_3_weighted": 0.5021651430927611,
    "fbeta_4_weighted": 0.502165143092761,
    "precision_micro": 0.502165143092761,
    "recall_micro": 0.502165143092761,
    "f1_micro": 0.502165143092761,
    "fbeta_{}_micro": 0.502165143092761
}