{
    "accuracy": 0.5215709079857509,
    "precision": 0.20923757032954415,
    "recall": 0.5838018805965367,
    "f1": 0.3080635822270685,
    "roc_auc": 0.5457433823042018,
    "precision_recall_auc": 0.4344832377089105,
    "fbeta_0.5": 0.24003914920298705,
    "fbeta_2": 0.4298894991129732,
    "fbeta_3": 0.49516115664863736,
    "fbeta_4": 0.5281830023904274
}{'bootstrap': True, 'ccp_alpha': 0.0, 'class_weight': None, 'criterion': 'gini', 'max_depth': None, 'max_features': 'sqrt', 'max_leaf_nodes': None, 'max_samples': None, 'min_impurity_decrease': 0.0, 'min_samples_leaf': 5, 'min_samples_split': 2, 'min_weight_fraction_leaf': 0.0, 'n_estimators': 100, 'n_jobs': None, 'oob_score': False, 'random_state': None, 'verbose': 0, 'warm_start': False}