{
    "accuracy": 0.5353249628926685,
    "precision": 0.277154971753545,
    "recall": 0.5377404550336882,
    "f1": 0.36578298448228624,
    "roc_auc": 0.5361318622070178,
    "precision_recall_auc": 0.4650431583166037,
    "fbeta_0.5": 0.30689924208649133,
    "fbeta_2": 0.4526270368011178,
    "fbeta_3": 0.4915263692249334,
    "fbeta_4": 0.5095584043064186
}{'bootstrap': True, 'ccp_alpha': 0.0, 'class_weight': None, 'criterion': 'gini', 'max_depth': None, 'max_features': 'sqrt', 'max_leaf_nodes': None, 'max_samples': None, 'min_impurity_decrease': 0.0, 'min_samples_leaf': 5, 'min_samples_split': 2, 'min_weight_fraction_leaf': 0.0, 'n_estimators': 100, 'n_jobs': None, 'oob_score': False, 'random_state': None, 'verbose': 0, 'warm_start': False}