{
    "accuracy": 0.5711061634669198,
    "precision": 0.24227679728212362,
    "recall": 0.4850283869852157,
    "f1": 0.32314117025872413,
    "roc_auc": 0.5395825647500005,
    "precision_recall_auc": 0.41800266634833255,
    "fbeta_0.5": 0.2692257240940226,
    "fbeta_2": 0.4040583495788958,
    "fbeta_3": 0.4408563562685164,
    "fbeta_4": 0.45803249819899144
}{'bootstrap': True, 'ccp_alpha': 0.0, 'class_weight': None, 'criterion': 'gini', 'max_depth': None, 'max_features': 'sqrt', 'max_leaf_nodes': None, 'max_samples': None, 'min_impurity_decrease': 0.0, 'min_samples_leaf': 10, 'min_samples_split': 2, 'min_weight_fraction_leaf': 0.0, 'n_estimators': 100, 'n_jobs': None, 'oob_score': False, 'random_state': None, 'verbose': 0, 'warm_start': False}