{
    "accuracy": 0.36323819256880063,
    "precision_micro": 0.36323819256880063,
    "recall_micro": 0.36323819256880063,
    "f1_micro": 0.36323819256880063,
    "fbeta_micro_0.5": 0.36323819256880063,
    "fbeta_micro_2": 0.36323819256880063,
    "fbeta_micro_3": 0.3632381925688006,
    "fbeta_micro_4": 0.3632381925688007,
    "precision_macro": 0.35766863757629225,
    "recall_macro": 0.3523875236957649,
    "f1_macro": 0.28606867143731823,
    "fbeta_macro_0.5": 0.25979471992257935,
    "fbeta_macro_2": 0.32174724882370365,
    "fbeta_macro_3": 0.33623258075889456,
    "fbeta_macro_4": 0.34266574615517237,
    "precision_weighted": 0.3580109517228606,
    "recall_weighted": 0.36323819256880063,
    "f1_weighted": 0.29429085322435095,
    "fbeta_weighted_0.5": 0.2668961257588632,
    "fbeta_weighted_2": 0.33137240995500783,
    "fbeta_weighted_3": 0.3464337693684632,
    "fbeta_weighted_4": 0.35312465041177094
}{'alpha': 1e-05, 'class_prior': None, 'fit_prior': True, 'force_alpha': True}{'force_alpha': True, 'fit_prior': True, 'alpha': 1e-05}