{
    "accuracy": 0.5345172968917314,
    "precision_micro": 0.5345172968917314,
    "recall_micro": 0.5345172968917314,
    "f1_micro": 0.5345172968917314,
    "fbeta_micro_0.5": 0.5345172968917314,
    "fbeta_micro_2": 0.5345172968917314,
    "fbeta_micro_3": 0.5345172968917313,
    "fbeta_micro_4": 0.5345172968917314,
    "precision_macro": 0.3607145384783399,
    "recall_macro": 0.3518760349463435,
    "f1_macro": 0.3460033561255152,
    "fbeta_macro_0.5": 0.3503676291267703,
    "fbeta_macro_2": 0.3482106198980715,
    "fbeta_macro_3": 0.3498622136344465,
    "fbeta_macro_4": 0.35064982923461957,
    "precision_weighted": 0.49031338220198417,
    "recall_weighted": 0.5345172968917314,
    "f1_weighted": 0.5056869417977646,
    "fbeta_weighted_0.5": 0.4939400758722739,
    "fbeta_weighted_2": 0.5218712793602431,
    "fbeta_weighted_3": 0.5280219954700918,
    "fbeta_weighted_4": 0.5306554272006202
}{'alpha': 1e-05, 'class_prior': None, 'fit_prior': True, 'force_alpha': True}{'force_alpha': True, 'fit_prior': True, 'alpha': 1e-05}