{
    "accuracy": 0.1715818672895832,
    "precision_micro": 0.1715818672895832,
    "recall_micro": 0.1715818672895832,
    "f1_micro": 0.1715818672895832,
    "fbeta_micro_0.5": 0.1715818672895832,
    "fbeta_micro_2": 0.1715818672895832,
    "fbeta_micro_3": 0.1715818672895832,
    "fbeta_micro_4": 0.17158186728958316,
    "precision_macro": 0.15526921925592077,
    "recall_macro": 0.17613964982148955,
    "f1_macro": 0.13310254017108258,
    "fbeta_macro_0.5": 0.14084060140645988,
    "fbeta_macro_2": 0.13818698888598685,
    "fbeta_macro_3": 0.14547488010565365,
    "fbeta_macro_4": 0.1513661388708254,
    "precision_weighted": 0.288195850896833,
    "recall_weighted": 0.1715818672895832,
    "f1_weighted": 0.19850887182705082,
    "fbeta_weighted_0.5": 0.23864863890593072,
    "fbeta_weighted_2": 0.1776936317864521,
    "fbeta_weighted_3": 0.17369876774251247,
    "fbeta_weighted_4": 0.17250886414648955
}{'ccp_alpha': 0.0, 'class_weight': None, 'criterion': 'gini', 'max_depth': None, 'max_features': None, 'max_leaf_nodes': None, 'min_impurity_decrease': 0.0, 'min_samples_leaf': 1, 'min_samples_split': 2, 'min_weight_fraction_leaf': 0.0, 'random_state': 0, 'splitter': 'best'}