{
    "accuracy": 0.45184988235636914,
    "precision_micro": 0.45184988235636914,
    "recall_micro": 0.45184988235636914,
    "f1_micro": 0.45184988235636914,
    "fbeta_micro_0.5": 0.4518498823563691,
    "fbeta_micro_2": 0.4518498823563691,
    "fbeta_micro_3": 0.451849882356369,
    "fbeta_micro_4": 0.45184988235636914,
    "precision_macro": 0.3603373872066797,
    "recall_macro": 0.3632407213862849,
    "f1_macro": 0.3575139307021413,
    "fbeta_macro_0.5": 0.3583077359388874,
    "fbeta_macro_2": 0.35975359327855777,
    "fbeta_macro_3": 0.36127661261248206,
    "fbeta_macro_4": 0.36202974372834706,
    "precision_weighted": 0.4933711593558954,
    "recall_weighted": 0.45184988235636914,
    "f1_weighted": 0.4681901368337382,
    "fbeta_weighted_0.5": 0.4822562436954693,
    "fbeta_weighted_2": 0.4572733666765341,
    "fbeta_weighted_3": 0.45436693934031236,
    "fbeta_weighted_4": 0.45328229147460597
}{'ccp_alpha': 0.0, 'class_weight': None, 'criterion': 'gini', 'max_depth': None, 'max_features': None, 'max_leaf_nodes': None, 'min_impurity_decrease': 0.0, 'min_samples_leaf': 1, 'min_samples_split': 2, 'min_weight_fraction_leaf': 0.0, 'random_state': 0, 'splitter': 'best'}