{
    "accuracy": 0.47442635715502346,
    "precision_micro": 0.47442635715502346,
    "recall_micro": 0.47442635715502346,
    "f1_micro": 0.47442635715502346,
    "fbeta_micro_0.5": 0.4744263571550234,
    "fbeta_micro_2": 0.4744263571550234,
    "fbeta_micro_3": 0.4744263571550235,
    "fbeta_micro_4": 0.47442635715502346,
    "precision_macro": 0.3592420094251438,
    "recall_macro": 0.3453921303782917,
    "f1_macro": 0.28865302976415524,
    "fbeta_macro_0.5": 0.27540129891748477,
    "fbeta_macro_2": 0.3172816617178263,
    "fbeta_macro_3": 0.3302752005500287,
    "fbeta_macro_4": 0.3362235527448488,
    "precision_weighted": 0.40318405848379885,
    "recall_weighted": 0.47442635715502346,
    "f1_weighted": 0.3767599024912518,
    "fbeta_weighted_0.5": 0.34501229930100097,
    "fbeta_weighted_2": 0.4276024396054944,
    "fbeta_weighted_3": 0.449453549107863,
    "fbeta_weighted_4": 0.45932780441305704
}{'alpha': 1e-05, 'class_prior': None, 'fit_prior': True, 'force_alpha': True}{'force_alpha': True, 'fit_prior': True, 'alpha': 1e-05}