{
    "accuracy": 0.5381110543348663,
    "precision": 0.3087931579075248,
    "recall": 0.5718206564531731,
    "f1": 0.4010255196623673,
    "roc_auc": 0.5487191361840976,
    "precision_recall_auc": 0.49819738580409284,
    "fbeta_0.5": 0.34007925995499144,
    "fbeta_2": 0.4885859494537095,
    "fbeta_3": 0.5269366237330861,
    "fbeta_4": 0.5445364384459315
}{'bootstrap': True, 'ccp_alpha': 0.0, 'class_weight': None, 'criterion': 'gini', 'max_depth': None, 'max_features': 'sqrt', 'max_leaf_nodes': None, 'max_samples': None, 'min_impurity_decrease': 0.0, 'min_samples_leaf': 5, 'min_samples_split': 2, 'min_weight_fraction_leaf': 0.0, 'n_estimators': 100, 'n_jobs': None, 'oob_score': False, 'random_state': None, 'verbose': 0, 'warm_start': False}