{
    "accuracy": 0.5319079430726803,
    "precision": 0.14914222504062258,
    "recall": 0.5718014627282716,
    "f1": 0.23657809584738143,
    "roc_auc": 0.5489570533194422,
    "precision_recall_auc": 0.3876288014122066,
    "fbeta_0.5": 0.1750155145614698,
    "fbeta_2": 0.3649516674737426,
    "fbeta_3": 0.4455387242562088,
    "fbeta_4": 0.4901006938952211
}{'bootstrap': True, 'ccp_alpha': 0.0, 'class_weight': None, 'criterion': 'gini', 'max_depth': None, 'max_features': 'sqrt', 'max_leaf_nodes': None, 'max_samples': None, 'min_impurity_decrease': 0.0, 'min_samples_leaf': 10, 'min_samples_split': 2, 'min_weight_fraction_leaf': 0.0, 'n_estimators': 100, 'n_jobs': None, 'oob_score': False, 'random_state': None, 'verbose': 0, 'warm_start': False}