{
    "accuracy": 0.5480796457777181,
    "precision": 0.09112558535076869,
    "recall": 0.5312049831400543,
    "f1": 0.15556479941928636,
    "roc_auc": 0.5403597126685264,
    "precision_recall_auc": 0.3295335333967171,
    "fbeta_0.5": 0.1092228230311282,
    "fbeta_2": 0.27021306906568593,
    "fbeta_3": 0.35821136896579614,
    "fbeta_4": 0.4136850340055801
}{'ccp_alpha': 0.0, 'class_weight': None, 'criterion': 'gini', 'max_depth': None, 'max_features': None, 'max_leaf_nodes': None, 'min_impurity_decrease': 0.0, 'min_samples_leaf': 1, 'min_samples_split': 2, 'min_weight_fraction_leaf': 0.0, 'random_state': 0, 'splitter': 'best'}