{
    "accuracy": 0.5149800936007533,
    "precision": 0.09146064084158134,
    "recall": 0.5808754295463507,
    "f1": 0.15803774741636012,
    "roc_auc": 0.5451263309881784,
    "precision_recall_auc": 0.3525901050937119,
    "fbeta_0.5": 0.10999599815055427,
    "fbeta_2": 0.2805864018279963,
    "fbeta_3": 0.37839342557215894,
    "fbeta_4": 0.4418074946216233
}{'C': 1.0, 'class_weight': None, 'dual': False, 'fit_intercept': True, 'intercept_scaling': 1, 'l1_ratio': None, 'max_iter': 100, 'multi_class': 'auto', 'n_jobs': None, 'penalty': 'l2', 'random_state': 0, 'solver': 'saga', 'tol': 0.0001, 'verbose': 0, 'warm_start': False}