{
    "accuracy": 0.5517728092297711,
    "precision": 0.18202388020317964,
    "recall": 0.4842746323142265,
    "f1": 0.26459476046181585,
    "roc_auc": 0.5247657525516031,
    "precision_recall_auc": 0.3760850505526332,
    "fbeta_0.5": 0.20798597396802232,
    "fbeta_2": 0.3635422211213643,
    "fbeta_3": 0.4153120446965044,
    "fbeta_4": 0.44118156047846296
}{'bootstrap': True, 'ccp_alpha': 0.0, 'class_weight': None, 'criterion': 'gini', 'max_depth': None, 'max_features': 'sqrt', 'max_leaf_nodes': None, 'max_samples': None, 'min_impurity_decrease': 0.0, 'min_samples_leaf': 5, 'min_samples_split': 2, 'min_weight_fraction_leaf': 0.0, 'n_estimators': 100, 'n_jobs': None, 'oob_score': False, 'random_state': None, 'verbose': 0, 'warm_start': False}