{
    "accuracy": 0.5893272004137967,
    "precision": 0.11821818155704447,
    "recall": 0.48128873815927964,
    "f1": 0.1898129197774639,
    "roc_auc": 0.5413070464781521,
    "precision_recall_auc": 0.32567712371260843,
    "fbeta_0.5": 0.13922342052204975,
    "fbeta_2": 0.2981522601397487,
    "fbeta_3": 0.36820574071713114,
    "fbeta_4": 0.40764440689569786
}{'bootstrap': True, 'ccp_alpha': 0.0, 'class_weight': None, 'criterion': 'gini', 'max_depth': None, 'max_features': 'sqrt', 'max_leaf_nodes': None, 'max_samples': None, 'min_impurity_decrease': 0.0, 'min_samples_leaf': 10, 'min_samples_split': 2, 'min_weight_fraction_leaf': 0.0, 'n_estimators': 100, 'n_jobs': None, 'oob_score': False, 'random_state': None, 'verbose': 0, 'warm_start': False}