{
    "accuracy": 0.525639934135139,
    "precision_micro": 0.525639934135139,
    "recall_micro": 0.525639934135139,
    "f1_micro": 0.525639934135139,
    "fbeta_micro_0.5": 0.525639934135139,
    "fbeta_micro_2": 0.525639934135139,
    "fbeta_micro_3": 0.525639934135139,
    "fbeta_micro_4": 0.525639934135139,
    "precision_macro": 0.3526277723977378,
    "recall_macro": 0.36147353661319004,
    "f1_macro": 0.34661395426086794,
    "fbeta_macro_0.5": 0.34821756519069913,
    "fbeta_macro_2": 0.3522756264136689,
    "fbeta_macro_3": 0.3562254245398491,
    "fbeta_macro_4": 0.358217043686657,
    "precision_weighted": 0.6223097053802934,
    "recall_weighted": 0.525639934135139,
    "f1_weighted": 0.5646341878495988,
    "fbeta_weighted_0.5": 0.5969200007242326,
    "fbeta_weighted_2": 0.5389515051301133,
    "fbeta_weighted_3": 0.5318915514663752,
    "fbeta_weighted_4": 0.5292162831889878
}{'ccp_alpha': 0.0, 'class_weight': None, 'criterion': 'gini', 'max_depth': None, 'max_features': None, 'max_leaf_nodes': None, 'min_impurity_decrease': 0.0, 'min_samples_leaf': 1, 'min_samples_split': 2, 'min_weight_fraction_leaf': 0.0, 'random_state': 0, 'splitter': 'best'}