{
    "accuracy": 0.13571667767147158,
    "precision_micro": 0.13571667767147158,
    "recall_micro": 0.13571667767147158,
    "f1_micro": 0.13571667767147158,
    "fbeta_micro_0.5": 0.13571667767147158,
    "fbeta_micro_2": 0.13571667767147158,
    "fbeta_micro_3": 0.13571667767147158,
    "fbeta_micro_4": 0.13571667767147158,
    "precision_macro": 0.16089849844663376,
    "recall_macro": 0.17329137084698895,
    "f1_macro": 0.08855107563353838,
    "fbeta_macro_0.5": 0.09615979009389954,
    "fbeta_macro_2": 0.10860644256707552,
    "fbeta_macro_3": 0.12711176973962174,
    "fbeta_macro_4": 0.14002556885859768,
    "precision_weighted": 0.6142801809235787,
    "recall_weighted": 0.13571667767147158,
    "f1_weighted": 0.15660597254836547,
    "fbeta_weighted_0.5": 0.25642735083728146,
    "fbeta_weighted_2": 0.1311812761379054,
    "fbeta_weighted_3": 0.1302621698340943,
    "fbeta_weighted_4": 0.13131578960553938
}{'activation': 'relu', 'alpha': 0.0001, 'batch_size': 200, 'beta_1': 0.9, 'beta_2': 0.999, 'early_stopping': False, 'epsilon': 1e-08, 'hidden_layer_sizes': (15,), 'learning_rate': 'constant', 'learning_rate_init': 0.001, 'max_fun': 15000, 'max_iter': 200, 'momentum': 0.9, 'n_iter_no_change': 10, 'nesterovs_momentum': True, 'power_t': 0.5, 'random_state': None, 'shuffle': True, 'solver': 'adam', 'tol': 0.0001, 'validation_fraction': 0.1, 'verbose': False, 'warm_start': False}{'hidden_layer_sizes': (15,), 'batch_size': 200}