{
    "accuracy": 0.6672033945358959,
    "precision_micro": 0.6672033945358959,
    "recall_micro": 0.6672033945358959,
    "f1_micro": 0.6672033945358959,
    "fbeta_micro_0.5": 0.6672033945358959,
    "fbeta_micro_2": 0.6672033945358959,
    "fbeta_micro_3": 0.6672033945358959,
    "fbeta_micro_4": 0.6672033945358959,
    "precision_macro": 0.37639668378267993,
    "recall_macro": 0.36009640025443335,
    "f1_macro": 0.35860991985984664,
    "fbeta_macro_0.5": 0.3646302271908075,
    "fbeta_macro_2": 0.3584908130584267,
    "fbeta_macro_3": 0.3591662370991868,
    "fbeta_macro_4": 0.3595208610887743,
    "precision_weighted": 0.6362693787908884,
    "recall_weighted": 0.6672033945358959,
    "f1_weighted": 0.6482535257876724,
    "fbeta_weighted_0.5": 0.6395331903369025,
    "fbeta_weighted_2": 0.6591702124334267,
    "fbeta_weighted_3": 0.6631229159020924,
    "fbeta_weighted_4": 0.6647883180258783
}{'bootstrap': True, 'ccp_alpha': 0.0, 'class_weight': None, 'criterion': 'gini', 'max_depth': None, 'max_features': 'sqrt', 'max_leaf_nodes': None, 'max_samples': None, 'min_impurity_decrease': 0.0, 'min_samples_leaf': 10, 'min_samples_split': 2, 'min_weight_fraction_leaf': 0.0, 'n_estimators': 100, 'n_jobs': None, 'oob_score': False, 'random_state': None, 'verbose': 0, 'warm_start': False}{'n_estimators': 100, 'min_samples_leaf': 10}