{
    "accuracy": 0.17807098698279783,
    "precision_micro": 0.17807098698279783,
    "recall_micro": 0.17807098698279783,
    "f1_micro": 0.17807098698279783,
    "fbeta_micro_0.5": 0.17807098698279786,
    "fbeta_micro_2": 0.17807098698279786,
    "fbeta_micro_3": 0.17807098698279786,
    "fbeta_micro_4": 0.17807098698279786,
    "precision_macro": 0.1477510175423232,
    "recall_macro": 0.16707415419437946,
    "f1_macro": 0.09699189870164811,
    "fbeta_macro_0.5": 0.11161094124364027,
    "fbeta_macro_2": 0.1061237614754966,
    "fbeta_macro_3": 0.1186383767499088,
    "fbeta_macro_4": 0.1278295071402817,
    "precision_weighted": 0.5675402594530433,
    "recall_weighted": 0.17807098698279783,
    "f1_weighted": 0.2452879090731712,
    "fbeta_weighted_0.5": 0.3641766699326188,
    "fbeta_weighted_2": 0.19334581960393546,
    "fbeta_weighted_3": 0.1836013926575937,
    "fbeta_weighted_4": 0.18066584854773937
}{'ccp_alpha': 0.0, 'class_weight': None, 'criterion': 'gini', 'max_depth': None, 'max_features': None, 'max_leaf_nodes': None, 'min_impurity_decrease': 0.0, 'min_samples_leaf': 1, 'min_samples_split': 2, 'min_weight_fraction_leaf': 0.0, 'random_state': 0, 'splitter': 'best'}