{
    "accuracy": 0.46413600299179336,
    "precision_micro": 0.46413600299179336,
    "recall_micro": 0.46413600299179336,
    "f1_micro": 0.46413600299179336,
    "fbeta_micro_0.5": 0.4641360029917934,
    "fbeta_micro_2": 0.4641360029917934,
    "fbeta_micro_3": 0.4641360029917934,
    "fbeta_micro_4": 0.46413600299179336,
    "precision_macro": 0.3583616012448689,
    "recall_macro": 0.3896441139147539,
    "f1_macro": 0.2966063094328252,
    "fbeta_macro_0.5": 0.32171724383942263,
    "fbeta_macro_2": 0.3127705752686494,
    "fbeta_macro_3": 0.3376446713215888,
    "fbeta_macro_4": 0.3542869225461838,
    "precision_weighted": 0.7896568134769708,
    "recall_weighted": 0.46413600299179336,
    "f1_weighted": 0.5532931369766104,
    "fbeta_weighted_0.5": 0.6715403467991955,
    "fbeta_weighted_2": 0.4815010728299022,
    "fbeta_weighted_3": 0.4680477840837559,
    "fbeta_weighted_4": 0.46487807971058687
}{'bootstrap': True, 'ccp_alpha': 0.0, 'class_weight': None, 'criterion': 'gini', 'max_depth': None, 'max_features': 'sqrt', 'max_leaf_nodes': None, 'max_samples': None, 'min_impurity_decrease': 0.0, 'min_samples_leaf': 10, 'min_samples_split': 2, 'min_weight_fraction_leaf': 0.0, 'n_estimators': 100, 'n_jobs': None, 'oob_score': False, 'random_state': None, 'verbose': 0, 'warm_start': False}{'n_estimators': 100, 'min_samples_leaf': 10}