{
    "accuracy": 0.3521567985692452,
    "precision_micro": 0.3521567985692452,
    "recall_micro": 0.3521567985692452,
    "f1_micro": 0.3521567985692452,
    "fbeta_micro_0.5": 0.3521567985692452,
    "fbeta_micro_2": 0.3521567985692452,
    "fbeta_micro_3": 0.3521567985692452,
    "fbeta_micro_4": 0.3521567985692452,
    "precision_macro": 0.2709073530771563,
    "recall_macro": 0.27206538765679594,
    "f1_macro": 0.2413455262751879,
    "fbeta_macro_0.5": 0.25131659018442937,
    "fbeta_macro_2": 0.25013692769216095,
    "fbeta_macro_3": 0.2586556810263435,
    "fbeta_macro_4": 0.2634418177960947,
    "precision_weighted": 0.4346238492727703,
    "recall_weighted": 0.3521567985692452,
    "f1_weighted": 0.3610164946818438,
    "fbeta_weighted_0.5": 0.39416517497774695,
    "fbeta_weighted_2": 0.34927570011277476,
    "fbeta_weighted_3": 0.3494987257267158,
    "fbeta_weighted_4": 0.35026507463967943
}{'alpha': 1e-05, 'class_prior': None, 'fit_prior': True, 'force_alpha': True}{'force_alpha': True, 'fit_prior': True, 'alpha': 1e-05}