{
    "accuracy": 0.1875647596506463,
    "precision_micro": 0.1875647596506463,
    "recall_micro": 0.1875647596506463,
    "f1_micro": 0.1875647596506463,
    "fbeta_micro_0.5": 0.1875647596506463,
    "fbeta_micro_2": 0.1875647596506463,
    "fbeta_micro_3": 0.18756475965064634,
    "fbeta_micro_4": 0.18756475965064634,
    "precision_macro": 0.1600965754249457,
    "recall_macro": 0.17865105229863368,
    "f1_macro": 0.10737055746097643,
    "fbeta_macro_0.5": 0.11958269939804016,
    "fbeta_macro_2": 0.12319832579595012,
    "fbeta_macro_3": 0.14004987505773883,
    "fbeta_macro_4": 0.15150527009802608,
    "precision_weighted": 0.6034528376667984,
    "recall_weighted": 0.1875647596506463,
    "f1_weighted": 0.24671654799226087,
    "fbeta_weighted_0.5": 0.3698392969599463,
    "fbeta_weighted_2": 0.1980446076750628,
    "fbeta_weighted_3": 0.19022504009276037,
    "fbeta_weighted_4": 0.1883046705250277
}{'bootstrap': True, 'ccp_alpha': 0.0, 'class_weight': None, 'criterion': 'gini', 'max_depth': None, 'max_features': 'sqrt', 'max_leaf_nodes': None, 'max_samples': None, 'min_impurity_decrease': 0.0, 'min_samples_leaf': 10, 'min_samples_split': 2, 'min_weight_fraction_leaf': 0.0, 'n_estimators': 100, 'n_jobs': None, 'oob_score': False, 'random_state': None, 'verbose': 0, 'warm_start': False}{'n_estimators': 100, 'min_samples_leaf': 10}