{
    "accuracy": 0.48715654130018143,
    "precision_micro": 0.48715654130018143,
    "recall_micro": 0.48715654130018143,
    "f1_micro": 0.4871565413001814,
    "fbeta_micro_0.5": 0.48715654130018143,
    "fbeta_micro_2": 0.48715654130018143,
    "fbeta_micro_3": 0.48715654130018143,
    "fbeta_micro_4": 0.4871565413001815,
    "precision_macro": 0.2900983595675601,
    "recall_macro": 0.28207871100612203,
    "f1_macro": 0.26727119330065685,
    "fbeta_macro_0.5": 0.27561817265239447,
    "fbeta_macro_2": 0.2713667956544295,
    "fbeta_macro_3": 0.2757797875139574,
    "fbeta_macro_4": 0.27812639209240886,
    "precision_weighted": 0.5452292494181437,
    "recall_weighted": 0.48715654130018143,
    "f1_weighted": 0.49577912407654207,
    "fbeta_weighted_0.5": 0.5206675758361399,
    "fbeta_weighted_2": 0.4849597530087382,
    "fbeta_weighted_3": 0.4849571490929694,
    "fbeta_weighted_4": 0.48557608040666833
}{'bootstrap': True, 'ccp_alpha': 0.0, 'class_weight': None, 'criterion': 'gini', 'max_depth': None, 'max_features': 'sqrt', 'max_leaf_nodes': None, 'max_samples': None, 'min_impurity_decrease': 0.0, 'min_samples_leaf': 10, 'min_samples_split': 2, 'min_weight_fraction_leaf': 0.0, 'n_estimators': 100, 'n_jobs': None, 'oob_score': False, 'random_state': None, 'verbose': 0, 'warm_start': False}{'n_estimators': 100, 'min_samples_leaf': 10}