{
    "accuracy": 0.3878876787347639,
    "precision_micro": 0.3878876787347639,
    "recall_micro": 0.3878876787347639,
    "f1_micro": 0.3878876787347639,
    "fbeta_micro_0.5": 0.3878876787347639,
    "fbeta_micro_2": 0.3878876787347639,
    "fbeta_micro_3": 0.3878876787347638,
    "fbeta_micro_4": 0.3878876787347639,
    "precision_macro": 0.29403150726409427,
    "recall_macro": 0.28488841056794995,
    "f1_macro": 0.26502788033148894,
    "fbeta_macro_0.5": 0.26346703639981883,
    "fbeta_macro_2": 0.27378641656634034,
    "fbeta_macro_3": 0.27865978160333243,
    "fbeta_macro_4": 0.2810410814461878,
    "precision_weighted": 0.42182531488365166,
    "recall_weighted": 0.3878876787347639,
    "f1_weighted": 0.3931565880521091,
    "fbeta_weighted_0.5": 0.4037105058077171,
    "fbeta_weighted_2": 0.3879190394012053,
    "fbeta_weighted_3": 0.3874951790833573,
    "fbeta_weighted_4": 0.3875497987182982
}{'activation': 'relu', 'alpha': 0.0001, 'batch_size': 100, 'beta_1': 0.9, 'beta_2': 0.999, 'early_stopping': False, 'epsilon': 1e-08, 'hidden_layer_sizes': (30,), 'learning_rate': 'constant', 'learning_rate_init': 0.001, 'max_fun': 15000, 'max_iter': 200, 'momentum': 0.9, 'n_iter_no_change': 10, 'nesterovs_momentum': True, 'power_t': 0.5, 'random_state': None, 'shuffle': True, 'solver': 'adam', 'tol': 0.0001, 'validation_fraction': 0.1, 'verbose': False, 'warm_start': False}{'hidden_layer_sizes': (30,), 'batch_size': 100}