{
    "accuracy": 0.19071762756540822,
    "precision_micro": 0.19071762756540822,
    "recall_micro": 0.19071762756540822,
    "f1_micro": 0.19071762756540822,
    "fbeta_micro_0.5": 0.19071762756540822,
    "fbeta_micro_2": 0.19071762756540822,
    "fbeta_micro_3": 0.1907176275654082,
    "fbeta_micro_4": 0.19071762756540822,
    "precision_macro": 0.16119127331979494,
    "recall_macro": 0.18001889184605618,
    "f1_macro": 0.11936187302094323,
    "fbeta_macro_0.5": 0.1308840956788417,
    "fbeta_macro_2": 0.13162889386681412,
    "fbeta_macro_3": 0.14593280101333986,
    "fbeta_macro_4": 0.15580222362286206,
    "precision_weighted": 0.48346608384675466,
    "recall_weighted": 0.19071762756540822,
    "f1_weighted": 0.24116129318004462,
    "fbeta_weighted_0.5": 0.33347901325351975,
    "fbeta_weighted_2": 0.20062736922218738,
    "fbeta_weighted_3": 0.19361543747754933,
    "fbeta_weighted_4": 0.1917789609693037
}{'bootstrap': True, 'ccp_alpha': 0.0, 'class_weight': None, 'criterion': 'gini', 'max_depth': None, 'max_features': 'sqrt', 'max_leaf_nodes': None, 'max_samples': None, 'min_impurity_decrease': 0.0, 'min_samples_leaf': 5, 'min_samples_split': 2, 'min_weight_fraction_leaf': 0.0, 'n_estimators': 100, 'n_jobs': None, 'oob_score': False, 'random_state': None, 'verbose': 0, 'warm_start': False}{'n_estimators': 100, 'min_samples_leaf': 5}