{
    "accuracy": 0.4677422654202112,
    "precision_micro": 0.4677422654202112,
    "recall_micro": 0.4677422654202112,
    "f1_micro": 0.4677422654202112,
    "fbeta_micro_0.5": 0.46774226542021125,
    "fbeta_micro_2": 0.46774226542021125,
    "fbeta_micro_3": 0.46774226542021125,
    "fbeta_micro_4": 0.4677422654202112,
    "precision_macro": 0.3594033830702475,
    "recall_macro": 0.36963703486618993,
    "f1_macro": 0.30149495607714744,
    "fbeta_macro_0.5": 0.32603163893830506,
    "fbeta_macro_2": 0.3132879896258218,
    "fbeta_macro_3": 0.33267318750490016,
    "fbeta_macro_4": 0.3450404756642261,
    "precision_weighted": 0.7237483855063117,
    "recall_weighted": 0.4677422654202112,
    "f1_weighted": 0.5342959396961605,
    "fbeta_weighted_0.5": 0.630207874677358,
    "fbeta_weighted_2": 0.4776983981587904,
    "fbeta_weighted_3": 0.4685898817772328,
    "fbeta_weighted_4": 0.46697231859079286
}{'C': 1.0, 'class_weight': None, 'dual': False, 'fit_intercept': True, 'intercept_scaling': 1, 'l1_ratio': None, 'max_iter': 100, 'multi_class': 'multinomial', 'n_jobs': None, 'penalty': 'l2', 'random_state': 0, 'solver': 'saga', 'tol': 0.0001, 'verbose': 0, 'warm_start': False}