{
    "accuracy": 0.5387437039199942,
    "precision": 0.7019103660462559,
    "recall": 0.5437540781555862,
    "f1": 0.6127920337035618,
    "roc_auc": 0.5361339408615249,
    "precision_recall_auc": 0.7759577543782161,
    "fbeta_0.5": 0.6633235161452944,
    "fbeta_2": 0.5694144710993685,
    "fbeta_3": 0.556288517185143,
    "fbeta_4": 0.5510579502265011
}{'bootstrap': True, 'ccp_alpha': 0.0, 'class_weight': None, 'criterion': 'gini', 'max_depth': None, 'max_features': 'sqrt', 'max_leaf_nodes': None, 'max_samples': None, 'min_impurity_decrease': 0.0, 'min_samples_leaf': 5, 'min_samples_split': 2, 'min_weight_fraction_leaf': 0.0, 'n_estimators': 100, 'n_jobs': None, 'oob_score': False, 'random_state': None, 'verbose': 0, 'warm_start': False}