{
    "accuracy": 0.5482821130496143,
    "precision": 0.7112154236950847,
    "recall": 0.5506144421083158,
    "f1": 0.6206945870430247,
    "roc_auc": 0.5470672684229685,
    "precision_recall_auc": 0.7817379856792752,
    "fbeta_0.5": 0.6720133966888765,
    "fbeta_2": 0.5766576879782386,
    "fbeta_3": 0.5633352278996369,
    "fbeta_4": 0.5580267443789099
}{'bootstrap': True, 'ccp_alpha': 0.0, 'class_weight': None, 'criterion': 'gini', 'max_depth': None, 'max_features': 'sqrt', 'max_leaf_nodes': None, 'max_samples': None, 'min_impurity_decrease': 0.0, 'min_samples_leaf': 5, 'min_samples_split': 2, 'min_weight_fraction_leaf': 0.0, 'n_estimators': 100, 'n_jobs': None, 'oob_score': False, 'random_state': None, 'verbose': 0, 'warm_start': False}