{
    "accuracy": 0.35676883792413433,
    "precision_micro": 0.35676883792413433,
    "recall_micro": 0.35676883792413433,
    "f1_micro": 0.3567688379241344,
    "fbeta_micro_0.5": 0.35676883792413433,
    "fbeta_micro_2": 0.35676883792413433,
    "fbeta_micro_3": 0.35676883792413433,
    "fbeta_micro_4": 0.3567688379241343,
    "precision_macro": 0.2721196118219993,
    "recall_macro": 0.28175096203060307,
    "f1_macro": 0.25171434919812175,
    "fbeta_macro_0.5": 0.2581131137408666,
    "fbeta_macro_2": 0.26203788556096363,
    "fbeta_macro_3": 0.27019996949199954,
    "fbeta_macro_4": 0.27448705706346754,
    "precision_weighted": 0.5131781073650538,
    "recall_weighted": 0.35676883792413433,
    "f1_weighted": 0.4005952041481388,
    "fbeta_weighted_0.5": 0.4567482735281614,
    "fbeta_weighted_2": 0.36777649091362763,
    "fbeta_weighted_3": 0.36116358626085987,
    "fbeta_weighted_4": 0.3590744592666383
}{'ccp_alpha': 0.0, 'class_weight': None, 'criterion': 'gini', 'max_depth': None, 'max_features': None, 'max_leaf_nodes': None, 'min_impurity_decrease': 0.0, 'min_samples_leaf': 1, 'min_samples_split': 2, 'min_weight_fraction_leaf': 0.0, 'random_state': 0, 'splitter': 'best'}