{
    "accuracy": 0.3747038320055043,
    "precision_micro": 0.3747038320055043,
    "recall_micro": 0.3747038320055043,
    "f1_micro": 0.3747038320055043,
    "fbeta_micro_0.5": 0.3747038320055043,
    "fbeta_micro_2": 0.3747038320055043,
    "fbeta_micro_3": 0.3747038320055043,
    "fbeta_micro_4": 0.3747038320055043,
    "precision_macro": 0.26930439107233595,
    "recall_macro": 0.2842770944538075,
    "f1_macro": 0.2480562151429938,
    "fbeta_macro_0.5": 0.25568540098027537,
    "fbeta_macro_2": 0.25795415478810235,
    "fbeta_macro_3": 0.267853343878882,
    "fbeta_macro_4": 0.2736064453288189,
    "precision_weighted": 0.5279352331822218,
    "recall_weighted": 0.3747038320055043,
    "f1_weighted": 0.4223151774351515,
    "fbeta_weighted_0.5": 0.4762606010315467,
    "fbeta_weighted_2": 0.3879805277264547,
    "fbeta_weighted_3": 0.38027493349033537,
    "fbeta_weighted_4": 0.3776946021156589
}{'ccp_alpha': 0.0, 'class_weight': None, 'criterion': 'gini', 'max_depth': None, 'max_features': None, 'max_leaf_nodes': None, 'min_impurity_decrease': 0.0, 'min_samples_leaf': 1, 'min_samples_split': 2, 'min_weight_fraction_leaf': 0.0, 'random_state': 0, 'splitter': 'best'}