{
    "accuracy": 0.38873637721822496,
    "precision_micro": 0.38873637721822496,
    "recall_micro": 0.38873637721822496,
    "f1_micro": 0.38873637721822496,
    "fbeta_micro_0.5": 0.38873637721822496,
    "fbeta_micro_2": 0.38873637721822496,
    "fbeta_micro_3": 0.38873637721822496,
    "fbeta_micro_4": 0.38873637721822496,
    "precision_macro": 0.2707864052623521,
    "recall_macro": 0.2699508760398965,
    "f1_macro": 0.24153787452724151,
    "fbeta_macro_0.5": 0.2507174755709239,
    "fbeta_macro_2": 0.2507280685904387,
    "fbeta_macro_3": 0.2586666565031761,
    "fbeta_macro_4": 0.26285856664640206,
    "precision_weighted": 0.507791525785576,
    "recall_weighted": 0.38873637721822496,
    "f1_weighted": 0.4120712941686683,
    "fbeta_weighted_0.5": 0.4590673923824937,
    "fbeta_weighted_2": 0.38937450072902635,
    "fbeta_weighted_3": 0.3873583336812444,
    "fbeta_weighted_4": 0.3874771349351229
}{'alpha': 1000, 'class_prior': None, 'fit_prior': True, 'force_alpha': True}{'force_alpha': True, 'fit_prior': True, 'alpha': 1000}