{
    "accuracy": 0.4523018961688774,
    "precision_micro": 0.4523018961688774,
    "recall_micro": 0.4523018961688774,
    "f1_micro": 0.4523018961688774,
    "fbeta_micro_0.5": 0.45230189616887745,
    "fbeta_micro_2": 0.45230189616887745,
    "fbeta_micro_3": 0.45230189616887745,
    "fbeta_micro_4": 0.4523018961688774,
    "precision_macro": 0.2961292933833189,
    "recall_macro": 0.2873944030785522,
    "f1_macro": 0.2651674723972539,
    "fbeta_macro_0.5": 0.27197403946483834,
    "fbeta_macro_2": 0.27264915340382534,
    "fbeta_macro_3": 0.278780535174609,
    "fbeta_macro_4": 0.2819917199954725,
    "precision_weighted": 0.5294872932436407,
    "recall_weighted": 0.4523018961688774,
    "f1_weighted": 0.46745703255924337,
    "fbeta_weighted_0.5": 0.49799736653443055,
    "fbeta_weighted_2": 0.4521463400978296,
    "fbeta_weighted_3": 0.4509651839956746,
    "fbeta_weighted_4": 0.45118102621969736
}{'bootstrap': True, 'ccp_alpha': 0.0, 'class_weight': None, 'criterion': 'gini', 'max_depth': None, 'max_features': 'sqrt', 'max_leaf_nodes': None, 'max_samples': None, 'min_impurity_decrease': 0.0, 'min_samples_leaf': 10, 'min_samples_split': 2, 'min_weight_fraction_leaf': 0.0, 'n_estimators': 100, 'n_jobs': None, 'oob_score': False, 'random_state': None, 'verbose': 0, 'warm_start': False}{'n_estimators': 100, 'min_samples_leaf': 10}