{
    "accuracy": 0.5977942460951862,
    "precision_micro": 0.5977942460951862,
    "recall_micro": 0.5977942460951862,
    "f1_micro": 0.5977942460951862,
    "fbeta_micro_0.5": 0.5977942460951862,
    "fbeta_micro_2": 0.5977942460951862,
    "fbeta_micro_3": 0.5977942460951862,
    "fbeta_micro_4": 0.5977942460951862,
    "precision_macro": 0.3455956163683817,
    "recall_macro": 0.3496347301170773,
    "f1_macro": 0.33137959235804565,
    "fbeta_macro_0.5": 0.337721205121849,
    "fbeta_macro_2": 0.3353278873132517,
    "fbeta_macro_3": 0.3407059694954196,
    "fbeta_macro_4": 0.3438650065028554,
    "precision_weighted": 0.7162144547982912,
    "recall_weighted": 0.5977942460951862,
    "f1_weighted": 0.6459009543298664,
    "fbeta_weighted_0.5": 0.6856379891201926,
    "fbeta_weighted_2": 0.6137190295117518,
    "fbeta_weighted_3": 0.605044533652898,
    "fbeta_weighted_4": 0.6018626196165762
}{'alpha': 1000, 'class_prior': None, 'fit_prior': True, 'force_alpha': True}{'force_alpha': True, 'fit_prior': True, 'alpha': 1000}