{
    "accuracy": 0.43914658210940355,
    "precision_micro": 0.43914658210940355,
    "recall_micro": 0.43914658210940355,
    "f1_micro": 0.43914658210940355,
    "fbeta_micro_0.5": 0.43914658210940355,
    "fbeta_micro_2": 0.43914658210940355,
    "fbeta_micro_3": 0.43914658210940355,
    "fbeta_micro_4": 0.43914658210940355,
    "precision_macro": 0.34540933425227366,
    "recall_macro": 0.37669959802344394,
    "f1_macro": 0.28146940675699467,
    "fbeta_macro_0.5": 0.30710681913188154,
    "fbeta_macro_2": 0.2988950974819274,
    "fbeta_macro_3": 0.3244083772715578,
    "fbeta_macro_4": 0.34123600275757177,
    "precision_weighted": 0.781188724130217,
    "recall_weighted": 0.43914658210940355,
    "f1_weighted": 0.5379531904436718,
    "fbeta_weighted_0.5": 0.6588920566821865,
    "fbeta_weighted_2": 0.463688128836931,
    "fbeta_weighted_3": 0.4480893822029395,
    "fbeta_weighted_4": 0.4433982998219995
}{'ccp_alpha': 0.0, 'class_weight': None, 'criterion': 'gini', 'max_depth': None, 'max_features': None, 'max_leaf_nodes': None, 'min_impurity_decrease': 0.0, 'min_samples_leaf': 1, 'min_samples_split': 2, 'min_weight_fraction_leaf': 0.0, 'random_state': 0, 'splitter': 'best'}