{
    "accuracy": 0.47877712337552997,
    "precision_micro": 0.47877712337552997,
    "recall_micro": 0.47877712337552997,
    "f1_micro": 0.47877712337552997,
    "fbeta_micro_0.5": 0.47877712337552997,
    "fbeta_micro_2": 0.47877712337552997,
    "fbeta_micro_3": 0.47877712337552997,
    "fbeta_micro_4": 0.47877712337552997,
    "precision_macro": 0.26717062117180757,
    "recall_macro": 0.26805962173481457,
    "f1_macro": 0.2426711640467318,
    "fbeta_macro_0.5": 0.24418366544731726,
    "fbeta_macro_2": 0.2527050986880692,
    "fbeta_macro_3": 0.259281831479813,
    "fbeta_macro_4": 0.2626005742075088,
    "precision_weighted": 0.530606255710332,
    "recall_weighted": 0.47877712337552997,
    "f1_weighted": 0.48135865780424064,
    "fbeta_weighted_0.5": 0.5046215446554396,
    "fbeta_weighted_2": 0.4732738859662542,
    "fbeta_weighted_3": 0.47469819400517593,
    "fbeta_weighted_4": 0.47602624521803233
}{'C': 1.0, 'class_weight': None, 'dual': False, 'fit_intercept': True, 'intercept_scaling': 1, 'l1_ratio': None, 'max_iter': 100, 'multi_class': 'multinomial', 'n_jobs': None, 'penalty': 'l2', 'random_state': 0, 'solver': 'saga', 'tol': 0.0001, 'verbose': 0, 'warm_start': False}