{
    "accuracy": 0.44946271956793055,
    "precision_micro": 0.44946271956793055,
    "recall_micro": 0.44946271956793055,
    "f1_micro": 0.44946271956793055,
    "fbeta_micro_0.5": 0.4494627195679306,
    "fbeta_micro_2": 0.4494627195679306,
    "fbeta_micro_3": 0.4494627195679306,
    "fbeta_micro_4": 0.44946271956793055,
    "precision_macro": 0.2903981861422062,
    "recall_macro": 0.27350893346883376,
    "f1_macro": 0.24489359529994015,
    "fbeta_macro_0.5": 0.24953098565192033,
    "fbeta_macro_2": 0.25468917210903175,
    "fbeta_macro_3": 0.2624302206267934,
    "fbeta_macro_4": 0.26652921537640156,
    "precision_weighted": 0.5168143762655183,
    "recall_weighted": 0.44946271956793055,
    "f1_weighted": 0.45612298035989357,
    "fbeta_weighted_0.5": 0.48351412498288043,
    "fbeta_weighted_2": 0.4446571670224927,
    "fbeta_weighted_3": 0.4454422877681471,
    "fbeta_weighted_4": 0.44665562014534244
}{'C': 1.0, 'class_weight': None, 'dual': False, 'fit_intercept': True, 'intercept_scaling': 1, 'l1_ratio': None, 'max_iter': 100, 'multi_class': 'multinomial', 'n_jobs': None, 'penalty': 'l2', 'random_state': 0, 'solver': 'saga', 'tol': 0.0001, 'verbose': 0, 'warm_start': False}