{
    "accuracy": 0.7355699889825822,
    "precision_micro": 0.7355699889825822,
    "recall_micro": 0.7355699889825822,
    "f1_micro": 0.7355699889825822,
    "fbeta_micro_0.5": 0.7355699889825822,
    "fbeta_micro_2": 0.7355699889825822,
    "fbeta_micro_3": 0.7355699889825822,
    "fbeta_micro_4": 0.7355699889825822,
    "precision_macro": 0.35806509122981756,
    "recall_macro": 0.34389875288175237,
    "f1_macro": 0.3341513010972781,
    "fbeta_macro_0.5": 0.33460102352736976,
    "fbeta_macro_2": 0.3391904641335501,
    "fbeta_macro_3": 0.34142803192972576,
    "fbeta_macro_4": 0.34241757231724296,
    "precision_weighted": 0.7180563104891723,
    "recall_weighted": 0.7355699889825822,
    "f1_weighted": 0.7230732848940514,
    "fbeta_weighted_0.5": 0.7171229213045355,
    "fbeta_weighted_2": 0.7303373041582212,
    "fbeta_weighted_3": 0.7329176061288064,
    "fbeta_weighted_4": 0.7340010382784307
}{'C': 1.0, 'class_weight': None, 'dual': False, 'fit_intercept': True, 'intercept_scaling': 1, 'l1_ratio': None, 'max_iter': 100, 'multi_class': 'multinomial', 'n_jobs': None, 'penalty': 'l2', 'random_state': 0, 'solver': 'saga', 'tol': 0.0001, 'verbose': 0, 'warm_start': False}