{
    "accuracy": 0.7020088025826291,
    "precision_micro": 0.7020088025826291,
    "recall_micro": 0.7020088025826291,
    "f1_micro": 0.7020088025826291,
    "fbeta_micro_0.5": 0.7020088025826291,
    "fbeta_micro_2": 0.7020088025826291,
    "fbeta_micro_3": 0.7020088025826291,
    "fbeta_micro_4": 0.7020088025826291,
    "precision_macro": 0.353932245780009,
    "recall_macro": 0.33936063474852696,
    "f1_macro": 0.3206469683110234,
    "fbeta_macro_0.5": 0.31642456645068245,
    "fbeta_macro_2": 0.33085906590848185,
    "fbeta_macro_3": 0.33495827374985193,
    "fbeta_macro_4": 0.336734900467849,
    "precision_weighted": 0.6158661982233751,
    "recall_weighted": 0.7020088025826291,
    "f1_weighted": 0.6457713981691056,
    "fbeta_weighted_0.5": 0.6183941644739062,
    "fbeta_weighted_2": 0.67808025341217,
    "fbeta_weighted_3": 0.6897988564587098,
    "fbeta_weighted_4": 0.6947659825459528
}{'alpha': 1000, 'class_prior': None, 'fit_prior': True, 'force_alpha': True}{'force_alpha': True, 'fit_prior': True, 'alpha': 1000}