{
    "accuracy": 0.08670398840617001,
    "precision_micro": 0.08670398840617001,
    "recall_micro": 0.08670398840617001,
    "f1_micro": 0.08670398840617001,
    "fbeta_micro_0.5": 0.08670398840617001,
    "fbeta_micro_2": 0.08670398840617001,
    "fbeta_micro_3": 0.08670398840617001,
    "fbeta_micro_4": 0.08670398840617,
    "precision_macro": 0.15807476886960137,
    "recall_macro": 0.16374202151045264,
    "f1_macro": 0.0690195162105862,
    "fbeta_macro_0.5": 0.07057644447684189,
    "fbeta_macro_2": 0.08929372556138436,
    "fbeta_macro_3": 0.10792296208833875,
    "fbeta_macro_4": 0.12163260659586873,
    "precision_weighted": 0.6098458825826416,
    "recall_weighted": 0.08670398840617001,
    "f1_weighted": 0.0855681695640251,
    "fbeta_weighted_0.5": 0.14205405342208938,
    "fbeta_weighted_2": 0.07582967152420111,
    "fbeta_weighted_3": 0.07778863503782642,
    "fbeta_weighted_4": 0.07997101120970726
}{'alpha': 1e-05, 'class_prior': None, 'fit_prior': True, 'force_alpha': True}{'force_alpha': True, 'fit_prior': True, 'alpha': 1e-05}