{
    "accuracy": 0.7469021001203907,
    "precision_micro": 0.7469021001203907,
    "recall_micro": 0.7469021001203907,
    "f1_micro": 0.7469021001203906,
    "fbeta_micro_0.5": 0.7469021001203907,
    "fbeta_micro_2": 0.7469021001203907,
    "fbeta_micro_3": 0.7469021001203907,
    "fbeta_micro_4": 0.7469021001203907,
    "precision_macro": 0.39968671797739774,
    "recall_macro": 0.34295255968432614,
    "f1_macro": 0.3183518940841134,
    "fbeta_macro_0.5": 0.32757984449426664,
    "fbeta_macro_2": 0.3300818426578015,
    "fbeta_macro_3": 0.33610612837732395,
    "fbeta_macro_4": 0.3388295006647761,
    "precision_weighted": 0.6332917408343988,
    "recall_weighted": 0.7469021001203907,
    "f1_weighted": 0.6630635544697872,
    "fbeta_weighted_0.5": 0.6294374572613152,
    "fbeta_weighted_2": 0.7099468835025212,
    "fbeta_weighted_3": 0.7278468467059638,
    "fbeta_weighted_4": 0.7355506261209788
}{'bootstrap': True, 'ccp_alpha': 0.0, 'class_weight': None, 'criterion': 'gini', 'max_depth': None, 'max_features': 'sqrt', 'max_leaf_nodes': None, 'max_samples': None, 'min_impurity_decrease': 0.0, 'min_samples_leaf': 10, 'min_samples_split': 2, 'min_weight_fraction_leaf': 0.0, 'n_estimators': 100, 'n_jobs': None, 'oob_score': False, 'random_state': None, 'verbose': 0, 'warm_start': False}{'n_estimators': 100, 'min_samples_leaf': 10}