{
    "accuracy": 0.5412339634135959,
    "precision": 0.26251775695336904,
    "recall": 0.5559136968360102,
    "f1": 0.3566266083185045,
    "roc_auc": 0.5463972194412954,
    "precision_recall_auc": 0.46000148257793033,
    "fbeta_0.5": 0.2934977644407346,
    "fbeta_2": 0.45435431144868477,
    "fbeta_3": 0.5000292652633229,
    "fbeta_4": 0.521621005876141
}{'activation': 'relu', 'alpha': 0.0001, 'batch_size': 200, 'beta_1': 0.9, 'beta_2': 0.999, 'early_stopping': False, 'epsilon': 1e-08, 'hidden_layer_sizes': (20,), 'learning_rate': 'constant', 'learning_rate_init': 0.001, 'max_fun': 15000, 'max_iter': 200, 'momentum': 0.9, 'n_iter_no_change': 10, 'nesterovs_momentum': True, 'power_t': 0.5, 'random_state': None, 'shuffle': True, 'solver': 'adam', 'tol': 0.0001, 'validation_fraction': 0.1, 'verbose': False, 'warm_start': False}