{
    "accuracy": 0.5517921016132564,
    "precision": 0.323156786582931,
    "recall": 0.6007963825335763,
    "f1": 0.4202624870172788,
    "roc_auc": 0.567213269182694,
    "precision_recall_auc": 0.5159495022894749,
    "fbeta_0.5": 0.3560657573697052,
    "fbeta_2": 0.5126994183032886,
    "fbeta_3": 0.5532628962088253,
    "fbeta_4": 0.5718939305189725
}{'bootstrap': True, 'ccp_alpha': 0.0, 'class_weight': None, 'criterion': 'gini', 'max_depth': None, 'max_features': 'sqrt', 'max_leaf_nodes': None, 'max_samples': None, 'min_impurity_decrease': 0.0, 'min_samples_leaf': 5, 'min_samples_split': 2, 'min_weight_fraction_leaf': 0.0, 'n_estimators': 100, 'n_jobs': None, 'oob_score': False, 'random_state': None, 'verbose': 0, 'warm_start': False}