{
    "accuracy": 0.5408910626079763,
    "precision": 0.24301975268180157,
    "recall": 0.5556067898210323,
    "f1": 0.3381390862053845,
    "roc_auc": 0.5462802896355892,
    "precision_recall_auc": 0.44621450491810793,
    "fbeta_0.5": 0.27383153941645855,
    "fbeta_2": 0.44192144943083617,
    "fbeta_3": 0.4922859287782607,
    "fbeta_4": 0.5165252200499594
}{'bootstrap': True, 'ccp_alpha': 0.0, 'class_weight': None, 'criterion': 'gini', 'max_depth': None, 'max_features': 'sqrt', 'max_leaf_nodes': None, 'max_samples': None, 'min_impurity_decrease': 0.0, 'min_samples_leaf': 10, 'min_samples_split': 2, 'min_weight_fraction_leaf': 0.0, 'n_estimators': 100, 'n_jobs': None, 'oob_score': False, 'random_state': None, 'verbose': 0, 'warm_start': False}