{
    "accuracy": 0.4748040419481721,
    "precision": 0.139226726340812,
    "recall": 0.6059831652007895,
    "f1": 0.22643030712868492,
    "roc_auc": 0.5308654612893456,
    "precision_recall_auc": 0.39759405132926784,
    "fbeta_0.5": 0.1645801910168345,
    "fbeta_2": 0.3627559235570212,
    "fbeta_3": 0.4538352695859399,
    "fbeta_4": 0.50616474781954
}{'bootstrap': True, 'ccp_alpha': 0.0, 'class_weight': None, 'criterion': 'gini', 'max_depth': None, 'max_features': 'sqrt', 'max_leaf_nodes': None, 'max_samples': None, 'min_impurity_decrease': 0.0, 'min_samples_leaf': 10, 'min_samples_split': 2, 'min_weight_fraction_leaf': 0.0, 'n_estimators': 100, 'n_jobs': None, 'oob_score': False, 'random_state': None, 'verbose': 0, 'warm_start': False}