{
    "accuracy": 0.5570272774112662,
    "precision": 0.1336757262073054,
    "recall": 0.4981916097063557,
    "f1": 0.21079147926387923,
    "roc_auc": 0.5315733235273843,
    "precision_recall_auc": 0.3457270488031725,
    "fbeta_0.5": 0.15659049259131527,
    "fbeta_2": 0.3223762169355083,
    "fbeta_3": 0.3914487534891912,
    "fbeta_4": 0.429326030489302
}{'bootstrap': True, 'ccp_alpha': 0.0, 'class_weight': None, 'criterion': 'gini', 'max_depth': None, 'max_features': 'sqrt', 'max_leaf_nodes': None, 'max_samples': None, 'min_impurity_decrease': 0.0, 'min_samples_leaf': 10, 'min_samples_split': 2, 'min_weight_fraction_leaf': 0.0, 'n_estimators': 100, 'n_jobs': None, 'oob_score': False, 'random_state': None, 'verbose': 0, 'warm_start': False}