{
    "accuracy": 0.44988020844172594,
    "precision": 0.12150455287935866,
    "recall": 0.5831036332446399,
    "f1": 0.20110395432519484,
    "roc_auc": 0.5075163846502464,
    "precision_recall_auc": 0.377056075030516,
    "fbeta_0.5": 0.14436039608647003,
    "fbeta_2": 0.3313455177575509,
    "fbeta_3": 0.42256865797733434,
    "fbeta_4": 0.4765973789064375
}{'C': 1.0, 'class_weight': None, 'dual': False, 'fit_intercept': True, 'intercept_scaling': 1, 'l1_ratio': None, 'max_iter': 100, 'multi_class': 'auto', 'n_jobs': None, 'penalty': 'l2', 'random_state': 0, 'solver': 'saga', 'tol': 0.0001, 'verbose': 0, 'warm_start': False}