{
    "accuracy": 0.43293533147796737,
    "precision": 0.12876277836928277,
    "recall": 0.6018863327880833,
    "f1": 0.2121416567510212,
    "roc_auc": 0.5051391448417571,
    "precision_recall_auc": 0.3905734880495424,
    "fbeta_0.5": 0.15278221952085713,
    "fbeta_2": 0.3469332894668212,
    "fbeta_3": 0.4401561696690811,
    "fbeta_4": 0.49491529988872746
}{'C': 1.0, 'class_weight': None, 'dual': False, 'fit_intercept': True, 'intercept_scaling': 1, 'l1_ratio': None, 'max_iter': 100, 'multi_class': 'auto', 'n_jobs': None, 'penalty': 'l2', 'random_state': 0, 'solver': 'saga', 'tol': 0.0001, 'verbose': 0, 'warm_start': False}