{
    "accuracy": 0.47248956435477474,
    "precision": 0.07058023947141355,
    "recall": 0.5435669160886267,
    "f1": 0.12493775395340857,
    "roc_auc": 0.5053828812790369,
    "precision_recall_auc": 0.32288423459344484,
    "fbeta_0.5": 0.08545140862525023,
    "fbeta_2": 0.2322656883291869,
    "fbeta_3": 0.3254618153436281,
    "fbeta_4": 0.3898772282764411
}{'alpha': 0.2, 'class_prior': None, 'fit_prior': True, 'force_alpha': True, 'norm': False}