{
    "accuracy": 0.5725181693585858,
    "precision": 0.17784816062680817,
    "recall": 0.43264066832812664,
    "f1": 0.25207454559398723,
    "roc_auc": 0.5165510340823718,
    "precision_recall_auc": 0.3524789022140635,
    "fbeta_0.5": 0.20159272234816147,
    "fbeta_2": 0.33628543131461125,
    "fbeta_3": 0.37842584305712695,
    "fbeta_4": 0.3990145250439179
}{'bootstrap': True, 'ccp_alpha': 0.0, 'class_weight': None, 'criterion': 'gini', 'max_depth': None, 'max_features': 'sqrt', 'max_leaf_nodes': None, 'max_samples': None, 'min_impurity_decrease': 0.0, 'min_samples_leaf': 5, 'min_samples_split': 2, 'min_weight_fraction_leaf': 0.0, 'n_estimators': 100, 'n_jobs': None, 'oob_score': False, 'random_state': None, 'verbose': 0, 'warm_start': False}