{
    "accuracy": 0.47781833271478125,
    "precision": 0.3453030816119201,
    "recall": 0.6941887696748543,
    "f1": 0.46119749970600743,
    "roc_auc": 0.5346382906086388,
    "precision_recall_auc": 0.5689719562631764,
    "fbeta_0.5": 0.3838902241417737,
    "fbeta_2": 0.5774920371704431,
    "fbeta_3": 0.6304860223138431,
    "fbeta_4": 0.6552450417840355
}{'bootstrap': True, 'ccp_alpha': 0.0, 'class_weight': None, 'criterion': 'gini', 'max_depth': None, 'max_features': 'sqrt', 'max_leaf_nodes': None, 'max_samples': None, 'min_impurity_decrease': 0.0, 'min_samples_leaf': 5, 'min_samples_split': 2, 'min_weight_fraction_leaf': 0.0, 'n_estimators': 100, 'n_jobs': None, 'oob_score': False, 'random_state': None, 'verbose': 0, 'warm_start': False}