{
    "accuracy": 0.41379965341601477,
    "precision": 0.19461770023384006,
    "recall": 0.7052557387028049,
    "f1": 0.30505456435129047,
    "roc_auc": 0.5270103978569606,
    "precision_recall_auc": 0.47682181781810346,
    "fbeta_0.5": 0.22757229000981063,
    "fbeta_2": 0.4625355356133557,
    "fbeta_3": 0.5586714818302021,
    "fbeta_4": 0.6109595079404598
}{'bootstrap': True, 'ccp_alpha': 0.0, 'class_weight': None, 'criterion': 'gini', 'max_depth': None, 'max_features': 'sqrt', 'max_leaf_nodes': None, 'max_samples': None, 'min_impurity_decrease': 0.0, 'min_samples_leaf': 5, 'min_samples_split': 2, 'min_weight_fraction_leaf': 0.0, 'n_estimators': 100, 'n_jobs': None, 'oob_score': False, 'random_state': None, 'verbose': 0, 'warm_start': False}