{
    "accuracy": 0.5515064212297583,
    "precision": 0.22810817698212976,
    "recall": 0.5221909267412289,
    "f1": 0.3175160939002525,
    "roc_auc": 0.5405082655662908,
    "precision_recall_auc": 0.42287990391843966,
    "fbeta_0.5": 0.25706216463860615,
    "fbeta_2": 0.41514728133895284,
    "fbeta_3": 0.4625569334690882,
    "fbeta_4": 0.48538118952022874
}{'activation': 'relu', 'alpha': 0.0001, 'batch_size': 100, 'beta_1': 0.9, 'beta_2': 0.999, 'early_stopping': False, 'epsilon': 1e-08, 'hidden_layer_sizes': (30,), 'learning_rate': 'constant', 'learning_rate_init': 0.001, 'max_fun': 15000, 'max_iter': 200, 'momentum': 0.9, 'n_iter_no_change': 10, 'nesterovs_momentum': True, 'power_t': 0.5, 'random_state': None, 'shuffle': True, 'solver': 'adam', 'tol': 0.0001, 'validation_fraction': 0.1, 'verbose': False, 'warm_start': False}{'hidden_layer_sizes': (30,), 'batch_size': 100}