{
    "accuracy": 0.4879614083753072,
    "precision": 0.26827907974473103,
    "recall": 0.6106093154965335,
    "f1": 0.3727747598715341,
    "roc_auc": 0.5289321532110617,
    "precision_recall_auc": 0.48796051268012564,
    "fbeta_0.5": 0.30215943793729944,
    "fbeta_2": 0.4864619920572871,
    "fbeta_3": 0.5415112435079484,
    "fbeta_4": 0.5679768759875993
}{'alpha': 0.2, 'class_prior': None, 'fit_prior': True, 'force_alpha': True, 'norm': False}{'norm': False, 'force_alpha': True, 'alpha': 0.2}