{
    "accuracy": 0.5459279266126481,
    "precision": 0.31433174679309794,
    "recall": 0.5749701918966953,
    "f1": 0.4064567430025446,
    "roc_auc": 0.5550672432423436,
    "precision_recall_auc": 0.5021156261324967,
    "fbeta_0.5": 0.34567079718789134,
    "fbeta_2": 0.4931825111051935,
    "fbeta_3": 0.5309451396852305,
    "fbeta_4": 0.5482300242894547
}{'C': 1.0, 'class_weight': None, 'dual': False, 'fit_intercept': True, 'intercept_scaling': 1, 'l1_ratio': None, 'max_iter': 100, 'multi_class': 'auto', 'n_jobs': None, 'penalty': 'l2', 'random_state': 0, 'solver': 'saga', 'tol': 0.0001, 'verbose': 0, 'warm_start': False}