{
    "accuracy": 0.5628573861839063,
    "precision": 0.24249563457967238,
    "recall": 0.5042796622381048,
    "f1": 0.327503111635176,
    "roc_auc": 0.5414049191373115,
    "precision_recall_auc": 0.4257059441482369,
    "fbeta_0.5": 0.2705895815743,
    "fbeta_2": 0.41473496591674014,
    "fbeta_3": 0.45514489568187194,
    "fbeta_4": 0.47416879469252815
}{'activation': 'relu', 'alpha': 0.0001, 'batch_size': 100, 'beta_1': 0.9, 'beta_2': 0.999, 'early_stopping': False, 'epsilon': 1e-08, 'hidden_layer_sizes': (30,), 'learning_rate': 'constant', 'learning_rate_init': 0.001, 'max_fun': 15000, 'max_iter': 200, 'momentum': 0.9, 'n_iter_no_change': 10, 'nesterovs_momentum': True, 'power_t': 0.5, 'random_state': None, 'shuffle': True, 'solver': 'adam', 'tol': 0.0001, 'validation_fraction': 0.1, 'verbose': False, 'warm_start': False}{'hidden_layer_sizes': (30,), 'batch_size': 100}