{
    "accuracy": 0.5602537898143417,
    "precision": 0.23998395218858945,
    "recall": 0.4999279518141733,
    "f1": 0.32429451408167653,
    "roc_auc": 0.5381611244701876,
    "precision_recall_auc": 0.42273352700685624,
    "fbeta_0.5": 0.2678370157642009,
    "fbeta_2": 0.41091055523971953,
    "fbeta_3": 0.45106936228303973,
    "fbeta_4": 0.4699825329737931
}{'bootstrap': True, 'ccp_alpha': 0.0, 'class_weight': None, 'criterion': 'gini', 'max_depth': None, 'max_features': 'sqrt', 'max_leaf_nodes': None, 'max_samples': None, 'min_impurity_decrease': 0.0, 'min_samples_leaf': 10, 'min_samples_split': 2, 'min_weight_fraction_leaf': 0.0, 'n_estimators': 100, 'n_jobs': None, 'oob_score': False, 'random_state': None, 'verbose': 0, 'warm_start': False}