{
    "accuracy": 0.5327335328612794,
    "precision": 0.7029254771904768,
    "recall": 0.5263086348147611,
    "f1": 0.601928867192156,
    "roc_auc": 0.5360800815995204,
    "precision_recall_auc": 0.7735976385268908,
    "fbeta_0.5": 0.6587155755183521,
    "fbeta_2": 0.5541560511073579,
    "fbeta_3": 0.5398734794996816,
    "fbeta_4": 0.5342041628181673
}{'bootstrap': True, 'ccp_alpha': 0.0, 'class_weight': None, 'criterion': 'gini', 'max_depth': None, 'max_features': 'sqrt', 'max_leaf_nodes': None, 'max_samples': None, 'min_impurity_decrease': 0.0, 'min_samples_leaf': 5, 'min_samples_split': 2, 'min_weight_fraction_leaf': 0.0, 'n_estimators': 100, 'n_jobs': None, 'oob_score': False, 'random_state': None, 'verbose': 0, 'warm_start': False}