{
    "accuracy": 0.5400941674574786,
    "precision": 0.27501006768079606,
    "recall": 0.5167952348403476,
    "f1": 0.3589869682812884,
    "roc_auc": 0.5323111188461526,
    "precision_recall_auc": 0.4561077757222114,
    "fbeta_0.5": 0.3033994496675074,
    "fbeta_2": 0.4395125293250565,
    "fbeta_3": 0.4750311339489066,
    "fbeta_4": 0.49138247658734335
}{'bootstrap': True, 'ccp_alpha': 0.0, 'class_weight': None, 'criterion': 'gini', 'max_depth': None, 'max_features': 'sqrt', 'max_leaf_nodes': None, 'max_samples': None, 'min_impurity_decrease': 0.0, 'min_samples_leaf': 5, 'min_samples_split': 2, 'min_weight_fraction_leaf': 0.0, 'n_estimators': 100, 'n_jobs': None, 'oob_score': False, 'random_state': None, 'verbose': 0, 'warm_start': False}