{
    "accuracy": 0.5341265785823783,
    "precision": 0.38246918748537867,
    "recall": 0.5402918616179361,
    "f1": 0.4478840746881984,
    "roc_auc": 0.535551235079514,
    "precision_recall_auc": 0.541769604046511,
    "fbeta_0.5": 0.40619990009441337,
    "fbeta_2": 0.49910183200562996,
    "fbeta_3": 0.5188806890123511,
    "fbeta_4": 0.5274881256211886
}{'bootstrap': True, 'ccp_alpha': 0.0, 'class_weight': None, 'criterion': 'gini', 'max_depth': None, 'max_features': 'sqrt', 'max_leaf_nodes': None, 'max_samples': None, 'min_impurity_decrease': 0.0, 'min_samples_leaf': 10, 'min_samples_split': 2, 'min_weight_fraction_leaf': 0.0, 'n_estimators': 100, 'n_jobs': None, 'oob_score': False, 'random_state': None, 'verbose': 0, 'warm_start': False}