{
    "accuracy": 0.531555410926983,
    "precision": 0.14920147658830388,
    "recall": 0.5727162893835361,
    "f1": 0.23673088562148256,
    "fbeta_0.5": 0.17509791504716307,
    "fbeta_2": 0.3653206256097081,
    "fbeta_3": 0.44609134201498013,
    "fbeta_4": 0.49077076377656365
}{'bootstrap': True, 'ccp_alpha': 0.0, 'class_weight': None, 'criterion': 'gini', 'max_depth': None, 'max_features': 'sqrt', 'max_leaf_nodes': None, 'max_samples': None, 'min_impurity_decrease': 0.0, 'min_samples_leaf': 10, 'min_samples_split': 2, 'min_weight_fraction_leaf': 0.0, 'n_estimators': 100, 'n_jobs': None, 'oob_score': False, 'random_state': None, 'verbose': 0, 'warm_start': False}{'n_estimators': 100, 'min_samples_leaf': 10}