{
    "accuracy": 0.5111120202690264,
    "precision": 0.1474820966893175,
    "recall": 0.5855209374148423,
    "f1": 0.2356166386431757,
    "roc_auc": 0.5428216772491151,
    "precision_recall_auc": 0.3931703656977431,
    "fbeta_0.5": 0.17343155561056195,
    "fbeta_2": 0.36732274939311405,
    "fbeta_3": 0.45143849623217636,
    "fbeta_4": 0.4984375781779477
}{'C': 1.0, 'class_weight': None, 'dual': False, 'fit_intercept': True, 'intercept_scaling': 1, 'l1_ratio': None, 'max_iter': 100, 'multi_class': 'auto', 'n_jobs': None, 'penalty': 'l2', 'random_state': 0, 'solver': 'saga', 'tol': 0.0001, 'verbose': 0, 'warm_start': False}