{
    "accuracy": 0.5457996417268416,
    "precision": 0.35828970768729806,
    "recall": 0.5193616905397309,
    "f1": 0.4240452386069711,
    "roc_auc": 0.5388569036413762,
    "precision_recall_auc": 0.516193414201607,
    "fbeta_0.5": 0.3819829250641579,
    "fbeta_2": 0.476517266421923,
    "fbeta_3": 0.4970178581045982,
    "fbeta_4": 0.5059812271243291
}{'ccp_alpha': 0.0, 'class_weight': None, 'criterion': 'gini', 'max_depth': None, 'max_features': None, 'max_leaf_nodes': None, 'min_impurity_decrease': 0.0, 'min_samples_leaf': 1, 'min_samples_split': 2, 'min_weight_fraction_leaf': 0.0, 'random_state': 0, 'splitter': 'best'}