{
    "accuracy": 0.514630461400889,
    "precision": 0.18097560405117769,
    "recall": 0.5431745586015655,
    "f1": 0.27149436378788544,
    "roc_auc": 0.5260513928416057,
    "precision_recall_auc": 0.40010726746476555,
    "fbeta_0.5": 0.20882533136489137,
    "fbeta_2": 0.38790596705136815,
    "fbeta_3": 0.45259383399579417,
    "fbeta_4": 0.48596327563593367
}{'activation': 'relu', 'alpha': 0.0001, 'batch_size': 200, 'beta_1': 0.9, 'beta_2': 0.999, 'early_stopping': False, 'epsilon': 1e-08, 'hidden_layer_sizes': (10,), 'learning_rate': 'constant', 'learning_rate_init': 0.001, 'max_fun': 15000, 'max_iter': 200, 'momentum': 0.9, 'n_iter_no_change': 10, 'nesterovs_momentum': True, 'power_t': 0.5, 'random_state': None, 'shuffle': True, 'solver': 'adam', 'tol': 0.0001, 'validation_fraction': 0.1, 'verbose': False, 'warm_start': False}{'hidden_layer_sizes': (10,), 'batch_size': 200}