{
    "accuracy": 0.5567757753574696,
    "precision": 0.1148706246475456,
    "recall": 0.5121623201964682,
    "f1": 0.18765331590843357,
    "roc_auc": 0.5369463096308533,
    "precision_recall_auc": 0.33789716541463977,
    "fbeta_0.5": 0.13596455825101056,
    "fbeta_2": 0.30274645891372126,
    "fbeta_3": 0.3805464680300128,
    "fbeta_4": 0.42557940797352256
}{'ccp_alpha': 0.0, 'class_weight': None, 'criterion': 'gini', 'max_depth': None, 'max_features': None, 'max_leaf_nodes': None, 'min_impurity_decrease': 0.0, 'min_samples_leaf': 1, 'min_samples_split': 2, 'min_weight_fraction_leaf': 0.0, 'random_state': 0, 'splitter': 'best'}