{
    "accuracy": 0.5130962574189721,
    "precision": 0.18058185674414268,
    "recall": 0.543929235845414,
    "f1": 0.271144920625894,
    "roc_auc": 0.5254330053723509,
    "precision_recall_auc": 0.4002249031272461,
    "fbeta_0.5": 0.20842804686133934,
    "fbeta_2": 0.38785087664409873,
    "fbeta_3": 0.45281805895459687,
    "fbeta_4": 0.4863639846354237
}{'C': 1.0, 'class_weight': None, 'dual': False, 'fit_intercept': True, 'intercept_scaling': 1, 'l1_ratio': None, 'max_iter': 100, 'multi_class': 'auto', 'n_jobs': None, 'penalty': 'l2', 'random_state': 0, 'solver': 'saga', 'tol': 0.0001, 'verbose': 0, 'warm_start': False}