{
    "accuracy": 0.4706878034598602,
    "precision": 0.10373632334199431,
    "recall": 0.6031349386642435,
    "f1": 0.17702516534213197,
    "fbeta_0.5": 0.12432459530808593,
    "fbeta_2": 0.30727932361104776,
    "fbeta_3": 0.40713530900925,
    "fbeta_4": 0.4700302461809411
}{'alpha': 0.2, 'class_prior': None, 'fit_prior': False, 'force_alpha': True}{'force_alpha': True, 'fit_prior': False, 'alpha': 0.2}