{
    "accuracy": 0.5632691110676014,
    "precision": 0.12390674359710728,
    "recall": 0.5550228043503683,
    "f1": 0.20258675886797284,
    "roc_auc": 0.559603852328272,
    "precision_recall_auc": 0.3617034259782849,
    "fbeta_0.5": 0.14669609243152018,
    "fbeta_2": 0.3272787455004344,
    "fbeta_3": 0.41175756103485966,
    "fbeta_4": 0.46072670584002867
}{'bootstrap': True, 'ccp_alpha': 0.0, 'class_weight': None, 'criterion': 'gini', 'max_depth': None, 'max_features': 'sqrt', 'max_leaf_nodes': None, 'max_samples': None, 'min_impurity_decrease': 0.0, 'min_samples_leaf': 10, 'min_samples_split': 2, 'min_weight_fraction_leaf': 0.0, 'n_estimators': 100, 'n_jobs': None, 'oob_score': False, 'random_state': None, 'verbose': 0, 'warm_start': False}{'n_estimators': 100, 'min_samples_leaf': 10}