{
    "accuracy": 0.5703995067168911,
    "precision": 0.3671421977324525,
    "recall": 0.46207541346694986,
    "f1": 0.4091745774019565,
    "roc_auc": 0.5419530585614634,
    "precision_recall_auc": 0.5011978171924387,
    "fbeta_0.5": 0.38287448065056695,
    "fbeta_2": 0.43935434201713747,
    "fbeta_3": 0.450428528703371,
    "fbeta_4": 0.45515245294292134
}{'activation': 'relu', 'alpha': 0.0001, 'batch_size': 100, 'beta_1': 0.9, 'beta_2': 0.999, 'early_stopping': False, 'epsilon': 1e-08, 'hidden_layer_sizes': (30,), 'learning_rate': 'constant', 'learning_rate_init': 0.001, 'max_fun': 15000, 'max_iter': 200, 'momentum': 0.9, 'n_iter_no_change': 10, 'nesterovs_momentum': True, 'power_t': 0.5, 'random_state': None, 'shuffle': True, 'solver': 'adam', 'tol': 0.0001, 'validation_fraction': 0.1, 'verbose': False, 'warm_start': False}{'hidden_layer_sizes': (30,), 'batch_size': 100}