{
    "accuracy": 0.4780575541836863,
    "precision": 0.076766140111915,
    "recall": 0.5925592149580352,
    "f1": 0.13592338427197626,
    "fbeta_0.5": 0.09294733950288345,
    "fbeta_2": 0.2528194838979292,
    "fbeta_3": 0.3544222609521352,
    "fbeta_4": 0.4247016747203842
}{'alpha': 0.2, 'class_prior': None, 'fit_prior': False, 'force_alpha': True}{'force_alpha': True, 'fit_prior': False, 'alpha': 0.2}