{
    "accuracy": 0.4628412829647512,
    "precision": 0.08638847638172213,
    "recall": 0.6114164768749145,
    "f1": 0.15138711075465403,
    "fbeta_0.5": 0.10430134954474729,
    "fbeta_2": 0.27597164365389454,
    "fbeta_3": 0.38029269533086035,
    "fbeta_4": 0.4503984181839106
}{'alpha': 0.2, 'class_prior': None, 'fit_prior': False, 'force_alpha': True}{'force_alpha': True, 'fit_prior': False, 'alpha': 0.2}