{
    "accuracy": 0.4734611934061374,
    "precision": 0.1408378620798818,
    "recall": 0.6061631392497048,
    "f1": 0.22856922668539081,
    "roc_auc": 0.5300126571916367,
    "precision_recall_auc": 0.3988411670061113,
    "fbeta_0.5": 0.1663828482240362,
    "fbeta_2": 0.36498356459578757,
    "fbeta_3": 0.4556254629993138,
    "fbeta_4": 0.5075248348629804
}{'alpha': 0.1, 'class_prior': None, 'fit_prior': True, 'force_alpha': True, 'norm': False}{'norm': False, 'force_alpha': True, 'alpha': 0.1}