{
    "accuracy": 0.5482777464442996,
    "precision": 0.2035286623384144,
    "recall": 0.5066878113636728,
    "f1": 0.29040580242379727,
    "roc_auc": 0.5321229027151138,
    "precision_recall_auc": 0.4001057090673401,
    "fbeta_0.5": 0.23119405799622558,
    "fbeta_2": 0.3903895379405165,
    "fbeta_3": 0.4410001449970444,
    "fbeta_4": 0.46586903127152374
}{'ccp_alpha': 0.0, 'class_weight': None, 'criterion': 'gini', 'max_depth': None, 'max_features': None, 'max_leaf_nodes': None, 'min_impurity_decrease': 0.0, 'min_samples_leaf': 1, 'min_samples_split': 2, 'min_weight_fraction_leaf': 0.0, 'random_state': 0, 'splitter': 'best'}