{
    "accuracy": 0.45775386692460773,
    "precision": 0.13119825218731815,
    "recall": 0.6260077453296636,
    "f1": 0.216932043096063,
    "roc_auc": 0.5304110586912647,
    "precision_recall_auc": 0.401038905560713,
    "fbeta_0.5": 0.155832974601808,
    "fbeta_2": 0.35684336211923473,
    "fbeta_3": 0.4545687680730084,
    "fbeta_4": 0.5123438405091848
}{'alpha': 0.2, 'class_prior': None, 'fit_prior': True, 'force_alpha': True, 'norm': False}{'norm': False, 'force_alpha': True, 'alpha': 0.2}