{
    "accuracy": 0.7012423402372161,
    "precision": 0.1827915982849635,
    "recall": 0.1827915982849635,
    "f1": 0.1827915982849635,
    "roc_auc": 0.5,
    "precision_recall_auc": 0.1827915982849635,
    "fbeta_0.5": 0.1827915982849635,
    "fbeta_2": 0.1827915982849635,
    "fbeta_3": 0.1827915982849635,
    "fbeta_4": 0.1827915982849635
}