{
    "accuracy": 0.789139086629866,
    "precision": 0.11977698213425723,
    "recall": 0.11977698213425723,
    "f1": 0.11977698213425723,
    "roc_auc": 0.5,
    "precision_recall_auc": 0.11977698213425723,
    "fbeta_0.5": 0.11977698213425725,
    "fbeta_2": 0.11977698213425725,
    "fbeta_3": 0.11977698213425725,
    "fbeta_4": 0.11977698213425725
}