{
    "accuracy": 0.5150629608091246,
    "precision": 0.20085077361445852,
    "recall": 0.5566661861053711,
    "f1": 0.2951929529488715,
    "roc_auc": 0.5312229668776132,
    "precision_recall_auc": 0.4191971745299441,
    "fbeta_0.5": 0.23029066816169053,
    "fbeta_2": 0.41103359851630006,
    "fbeta_3": 0.4728915088819397,
    "fbeta_4": 0.5041314979464113
}{'C': 1.0, 'class_weight': None, 'dual': False, 'fit_intercept': True, 'intercept_scaling': 1, 'l1_ratio': None, 'max_iter': 100, 'multi_class': 'auto', 'n_jobs': None, 'penalty': 'l2', 'random_state': 0, 'solver': 'saga', 'tol': 0.0001, 'verbose': 0, 'warm_start': False}