{
    "accuracy": 0.5349173905637881,
    "precision": 0.40548776264941755,
    "recall": 0.46611046539398476,
    "f1": 0.4336908536043377,
    "roc_auc": 0.5217854086157173,
    "precision_recall_auc": 0.5377895269472188,
    "fbeta_0.5": 0.4163170693553662,
    "fbeta_2": 0.45257787740589006,
    "fbeta_3": 0.4592445016157876,
    "fbeta_4": 0.462047016597206
}{'bootstrap': True, 'ccp_alpha': 0.0, 'class_weight': None, 'criterion': 'gini', 'max_depth': None, 'max_features': 'sqrt', 'max_leaf_nodes': None, 'max_samples': None, 'min_impurity_decrease': 0.0, 'min_samples_leaf': 5, 'min_samples_split': 2, 'min_weight_fraction_leaf': 0.0, 'n_estimators': 100, 'n_jobs': None, 'oob_score': False, 'random_state': None, 'verbose': 0, 'warm_start': False}