{
    "accuracy": 0.5223617295666351,
    "precision": 0.36885112965804606,
    "recall": 0.5142539091715513,
    "f1": 0.4295822738830367,
    "roc_auc": 0.5204881969263904,
    "precision_recall_auc": 0.5264948509718467,
    "fbeta_0.5": 0.39095950767082494,
    "fbeta_2": 0.4766726104298534,
    "fbeta_3": 0.49475061663939063,
    "fbeta_4": 0.5025993830277639
}{'bootstrap': True, 'ccp_alpha': 0.0, 'class_weight': None, 'criterion': 'gini', 'max_depth': None, 'max_features': 'sqrt', 'max_leaf_nodes': None, 'max_samples': None, 'min_impurity_decrease': 0.0, 'min_samples_leaf': 10, 'min_samples_split': 2, 'min_weight_fraction_leaf': 0.0, 'n_estimators': 100, 'n_jobs': None, 'oob_score': False, 'random_state': None, 'verbose': 0, 'warm_start': False}