{
    "accuracy": 0.5780957247487651,
    "precision": 0.2313119253252291,
    "recall": 0.4299259344649702,
    "f1": 0.3007903863214775,
    "roc_auc": 0.5238326477759391,
    "precision_recall_auc": 0.3907845137576687,
    "fbeta_0.5": 0.25485955219341855,
    "fbeta_2": 0.3669160653060422,
    "fbeta_3": 0.39592976347190967,
    "fbeta_4": 0.4092551442122267
}{'bootstrap': True, 'ccp_alpha': 0.0, 'class_weight': None, 'criterion': 'gini', 'max_depth': None, 'max_features': 'sqrt', 'max_leaf_nodes': None, 'max_samples': None, 'min_impurity_decrease': 0.0, 'min_samples_leaf': 10, 'min_samples_split': 2, 'min_weight_fraction_leaf': 0.0, 'n_estimators': 100, 'n_jobs': None, 'oob_score': False, 'random_state': None, 'verbose': 0, 'warm_start': False}