{
    "accuracy": 0.5102119539329685,
    "precision": 0.15638903719523048,
    "recall": 0.6385684440003634,
    "f1": 0.25124640374546564,
    "roc_auc": 0.5649115843983491,
    "precision_recall_auc": 0.42073435067035747,
    "fbeta_0.5": 0.18420790600418205,
    "fbeta_2": 0.39499707825774266,
    "fbeta_3": 0.4880825921837357,
    "fbeta_4": 0.5405344284835547
}{'bootstrap': True, 'ccp_alpha': 0.0, 'class_weight': None, 'criterion': 'gini', 'max_depth': None, 'max_features': 'sqrt', 'max_leaf_nodes': None, 'max_samples': None, 'min_impurity_decrease': 0.0, 'min_samples_leaf': 10, 'min_samples_split': 2, 'min_weight_fraction_leaf': 0.0, 'n_estimators': 100, 'n_jobs': None, 'oob_score': False, 'random_state': None, 'verbose': 0, 'warm_start': False}