{
    "accuracy": 0.4864174220251237,
    "precision": 0.2511804795071402,
    "recall": 0.628639966912525,
    "f1": 0.3589416203476661,
    "roc_auc": 0.5364409061739165,
    "precision_recall_auc": 0.4823789951051375,
    "fbeta_0.5": 0.28546079621816284,
    "fbeta_2": 0.4833652902710418,
    "fbeta_3": 0.5465131358322165,
    "fbeta_4": 0.5775835476497814
}{'alpha': 0.2, 'class_prior': None, 'fit_prior': True, 'force_alpha': True, 'norm': False}