{
    "accuracy": 0.47372689542786617,
    "precision": 0.07655169673368831,
    "recall": 0.5962550294026617,
    "f1": 0.13568334683241187,
    "roc_auc": 0.5304307067637614,
    "precision_recall_auc": 0.35038892501639757,
    "fbeta_0.5": 0.09271379758409934,
    "fbeta_2": 0.2528878970858493,
    "fbeta_3": 0.3551479399022952,
    "fbeta_4": 0.4260948192865135
}{'alpha': 0.2, 'class_prior': None, 'fit_prior': False, 'force_alpha': True}