{
    "accuracy": 0.4705717642562675,
    "precision": 0.10377539474213245,
    "recall": 0.6035825961461367,
    "f1": 0.17710133477361192,
    "roc_auc": 0.5301456260236368,
    "precision_recall_auc": 0.3723874791081481,
    "fbeta_0.5": 0.12437329418165878,
    "fbeta_2": 0.30744083252052,
    "fbeta_3": 0.4073790640612902,
    "fbeta_4": 0.47033330035927423
}{'alpha': 0.2, 'class_prior': None, 'fit_prior': True, 'force_alpha': True, 'norm': False}