{
    "accuracy": 0.4633558916067709,
    "precision": 0.08641033755034115,
    "recall": 0.6109175190529459,
    "f1": 0.1514053641680753,
    "roc_auc": 0.530863368219983,
    "precision_recall_auc": 0.36390889399755394,
    "fbeta_0.5": 0.10432393521889308,
    "fbeta_2": 0.27593486785572524,
    "fbeta_3": 0.3801612249773016,
    "fbeta_4": 0.4501784312699493
}{'alpha': 0.2, 'class_prior': None, 'fit_prior': True, 'force_alpha': True, 'norm': False}