{
    "accuracy": 0.4762122785874245,
    "precision": 0.13731826269741026,
    "recall": 0.5924298094276864,
    "f1": 0.22295758031635365,
    "roc_auc": 0.5258796309044913,
    "precision_recall_auc": 0.3907227146345851,
    "fbeta_0.5": 0.16224614148676159,
    "fbeta_2": 0.35627234999342206,
    "fbeta_3": 0.4449581110677523,
    "fbeta_4": 0.4957746671914068
}{'alpha': 0.2, 'class_prior': None, 'fit_prior': True, 'force_alpha': True, 'norm': False}