{
    "accuracy": 0.5314191909923307,
    "precision": 0.2613082671660487,
    "recall": 0.5740373612738678,
    "f1": 0.35913447812777893,
    "roc_auc": 0.5464091447104059,
    "precision_recall_auc": 0.46638594575859393,
    "fbeta_0.5": 0.2932613654643818,
    "fbeta_2": 0.4631737398205408,
    "fbeta_3": 0.5126806512915089,
    "fbeta_4": 0.53628355889021
}{'ccp_alpha': 0.0, 'class_weight': None, 'criterion': 'gini', 'max_depth': None, 'max_features': None, 'max_leaf_nodes': None, 'min_impurity_decrease': 0.0, 'min_samples_leaf': 1, 'min_samples_split': 2, 'min_weight_fraction_leaf': 0.0, 'random_state': 0, 'splitter': 'best'}