{
    "accuracy": 0.5998678162115596,
    "precision": 0.08529714005659811,
    "recall": 0.49113368652939354,
    "f1": 0.14535065410892475,
    "roc_auc": 0.5495476213692991,
    "precision_recall_auc": 0.30584233590178417,
    "fbeta_0.5": 0.10218471848586387,
    "fbeta_2": 0.25165913208314594,
    "fbeta_3": 0.3327934093914691,
    "fbeta_4": 0.3837349604258064
}{'activation': 'relu', 'alpha': 0.0001, 'batch_size': 200, 'beta_1': 0.9, 'beta_2': 0.999, 'early_stopping': False, 'epsilon': 1e-08, 'hidden_layer_sizes': (20,), 'learning_rate': 'constant', 'learning_rate_init': 0.001, 'max_fun': 15000, 'max_iter': 200, 'momentum': 0.9, 'n_iter_no_change': 10, 'nesterovs_momentum': True, 'power_t': 0.5, 'random_state': None, 'shuffle': True, 'solver': 'adam', 'tol': 0.0001, 'validation_fraction': 0.1, 'verbose': False, 'warm_start': False}