{
    "accuracy": 0.521234228285691,
    "precision": 0.09347907932109278,
    "recall": 0.5874665014204202,
    "f1": 0.16129285287368766,
    "roc_auc": 0.551534609943609,
    "precision_recall_auc": 0.3566366099777241,
    "fbeta_0.5": 0.1123783701734092,
    "fbeta_2": 0.2856085349993505,
    "fbeta_3": 0.38435515810856274,
    "fbeta_4": 0.44815651310956905
}{'activation': 'relu', 'alpha': 0.0001, 'batch_size': 200, 'beta_1': 0.9, 'beta_2': 0.999, 'early_stopping': False, 'epsilon': 1e-08, 'hidden_layer_sizes': (20,), 'learning_rate': 'constant', 'learning_rate_init': 0.001, 'max_fun': 15000, 'max_iter': 200, 'momentum': 0.9, 'n_iter_no_change': 10, 'nesterovs_momentum': True, 'power_t': 0.5, 'random_state': None, 'shuffle': True, 'solver': 'adam', 'tol': 0.0001, 'validation_fraction': 0.1, 'verbose': False, 'warm_start': False}