{
    "accuracy": 0.5116483810323831,
    "precision": 0.11326303069023626,
    "recall": 0.6111994547932758,
    "f1": 0.1911108000572432,
    "roc_auc": 0.5562360422232783,
    "precision_recall_auc": 0.38058025713377047,
    "fbeta_0.5": 0.1353101170556689,
    "fbeta_2": 0.3252346722623466,
    "fbeta_3": 0.4245536308926268,
    "fbeta_4": 0.4856166071112396
}{'bootstrap': True, 'ccp_alpha': 0.0, 'class_weight': None, 'criterion': 'gini', 'max_depth': None, 'max_features': 'sqrt', 'max_leaf_nodes': None, 'max_samples': None, 'min_impurity_decrease': 0.0, 'min_samples_leaf': 10, 'min_samples_split': 2, 'min_weight_fraction_leaf': 0.0, 'n_estimators': 100, 'n_jobs': None, 'oob_score': False, 'random_state': None, 'verbose': 0, 'warm_start': False}