{
    "accuracy": 0.5106696155759928,
    "precision": 0.14183235750836867,
    "recall": 0.5658302300490725,
    "f1": 0.2268115819273783,
    "roc_auc": 0.5342433540064364,
    "precision_recall_auc": 0.3813669553377703,
    "fbeta_0.5": 0.1668355946818314,
    "fbeta_2": 0.3541117739380007,
    "fbeta_3": 0.4356082136526503,
    "fbeta_4": 0.48121002046017225
}{'C': 1.0, 'class_weight': None, 'dual': False, 'fit_intercept': True, 'intercept_scaling': 1, 'l1_ratio': None, 'max_iter': 100, 'multi_class': 'auto', 'n_jobs': None, 'penalty': 'l2', 'random_state': 0, 'solver': 'saga', 'tol': 0.0001, 'verbose': 0, 'warm_start': False}