{
    "accuracy": 0.5103624900751795,
    "precision": 0.13115885039391806,
    "recall": 0.5553484271518783,
    "f1": 0.2122012793038509,
    "roc_auc": 0.5298246634887046,
    "precision_recall_auc": 0.36965350356200005,
    "fbeta_0.5": 0.15480814869493972,
    "fbeta_2": 0.337221999699433,
    "fbeta_3": 0.4196323371248969,
    "fbeta_4": 0.4665832517688919
}{'activation': 'relu', 'alpha': 0.0001, 'batch_size': 200, 'beta_1': 0.9, 'beta_2': 0.999, 'early_stopping': False, 'epsilon': 1e-08, 'hidden_layer_sizes': (15,), 'learning_rate': 'constant', 'learning_rate_init': 0.001, 'max_fun': 15000, 'max_iter': 200, 'momentum': 0.9, 'n_iter_no_change': 10, 'nesterovs_momentum': True, 'power_t': 0.5, 'random_state': None, 'shuffle': True, 'solver': 'adam', 'tol': 0.0001, 'validation_fraction': 0.1, 'verbose': False, 'warm_start': False}