{
    "accuracy": 0.506351569777085,
    "precision": 0.25510926225389324,
    "recall": 0.6033197766595436,
    "f1": 0.3585909985561898,
    "roc_auc": 0.5404578893044275,
    "precision_recall_auc": 0.4745789109351525,
    "fbeta_0.5": 0.2883996664824043,
    "fbeta_2": 0.4739393876383151,
    "fbeta_3": 0.5308601959055573,
    "fbeta_4": 0.5584789566319801
}{'C': 1.0, 'class_weight': None, 'dual': False, 'fit_intercept': True, 'intercept_scaling': 1, 'l1_ratio': None, 'max_iter': 100, 'multi_class': 'auto', 'n_jobs': None, 'penalty': 'l2', 'random_state': 0, 'solver': 'saga', 'tol': 0.0001, 'verbose': 0, 'warm_start': False}