{
    "accuracy": 0.5214366662441327,
    "precision": 0.1483165367458719,
    "recall": 0.5847084735818944,
    "f1": 0.23661385242191035,
    "roc_auc": 0.5484768479108859,
    "precision_recall_auc": 0.39285088178803784,
    "fbeta_0.5": 0.17433994889123508,
    "fbeta_2": 0.36809764104259113,
    "fbeta_3": 0.451780916431114,
    "fbeta_4": 0.4984401703808139
}{'bootstrap': True, 'ccp_alpha': 0.0, 'class_weight': None, 'criterion': 'gini', 'max_depth': None, 'max_features': 'sqrt', 'max_leaf_nodes': None, 'max_samples': None, 'min_impurity_decrease': 0.0, 'min_samples_leaf': 10, 'min_samples_split': 2, 'min_weight_fraction_leaf': 0.0, 'n_estimators': 100, 'n_jobs': None, 'oob_score': False, 'random_state': None, 'verbose': 0, 'warm_start': False}