{
    "accuracy": 0.5314450475540008,
    "precision": 0.13841414205943284,
    "recall": 0.5638460026873583,
    "f1": 0.22226595457371776,
    "roc_auc": 0.5454626061188945,
    "precision_recall_auc": 0.3770254188860076,
    "fbeta_0.5": 0.1630134533775013,
    "fbeta_2": 0.34919051976321114,
    "fbeta_3": 0.43128543908924943,
    "fbeta_4": 0.47751148852496833
}{'bootstrap': True, 'ccp_alpha': 0.0, 'class_weight': None, 'criterion': 'gini', 'max_depth': None, 'max_features': 'sqrt', 'max_leaf_nodes': None, 'max_samples': None, 'min_impurity_decrease': 0.0, 'min_samples_leaf': 10, 'min_samples_split': 2, 'min_weight_fraction_leaf': 0.0, 'n_estimators': 100, 'n_jobs': None, 'oob_score': False, 'random_state': None, 'verbose': 0, 'warm_start': False}