{
    "accuracy": 0.4125664456438835,
    "precision": 0.3309805701698901,
    "recall": 0.8074632826824973,
    "f1": 0.46950871933454374,
    "roc_auc": 0.5162683282494634,
    "precision_recall_auc": 0.6002143080075635,
    "fbeta_0.5": 0.3752697825034128,
    "fbeta_2": 0.6269505205616934,
    "fbeta_3": 0.7058486529720945,
    "fbeta_4": 0.7444233535392519
}{'bootstrap': True, 'ccp_alpha': 0.0, 'class_weight': None, 'criterion': 'gini', 'max_depth': None, 'max_features': 'sqrt', 'max_leaf_nodes': None, 'max_samples': None, 'min_impurity_decrease': 0.0, 'min_samples_leaf': 5, 'min_samples_split': 2, 'min_weight_fraction_leaf': 0.0, 'n_estimators': 100, 'n_jobs': None, 'oob_score': False, 'random_state': None, 'verbose': 0, 'warm_start': False}