{
    "accuracy": 0.4747002457648664,
    "precision": 0.14711021435480348,
    "recall": 0.6424062130983741,
    "f1": 0.23939847842460243,
    "roc_auc": 0.546168812996375,
    "precision_recall_auc": 0.41776689001539324,
    "fbeta_0.5": 0.1739303122863453,
    "fbeta_2": 0.3839003153820683,
    "fbeta_3": 0.4805970554957172,
    "fbeta_4": 0.5362102145897863
}{'bootstrap': True, 'ccp_alpha': 0.0, 'class_weight': None, 'criterion': 'gini', 'max_depth': None, 'max_features': 'sqrt', 'max_leaf_nodes': None, 'max_samples': None, 'min_impurity_decrease': 0.0, 'min_samples_leaf': 10, 'min_samples_split': 2, 'min_weight_fraction_leaf': 0.0, 'n_estimators': 100, 'n_jobs': None, 'oob_score': False, 'random_state': None, 'verbose': 0, 'warm_start': False}