{
    "accuracy": 0.5416003062563377,
    "precision": 0.18325669890597748,
    "recall": 0.5071255572326161,
    "f1": 0.2692252146487587,
    "roc_auc": 0.5278064299859573,
    "precision_recall_auc": 0.38622450942564995,
    "fbeta_0.5": 0.21009106006008627,
    "fbeta_2": 0.3746884620072773,
    "fbeta_3": 0.4309618376170995,
    "fbeta_4": 0.4593700874291491
}{'bootstrap': True, 'ccp_alpha': 0.0, 'class_weight': None, 'criterion': 'gini', 'max_depth': None, 'max_features': 'sqrt', 'max_leaf_nodes': None, 'max_samples': None, 'min_impurity_decrease': 0.0, 'min_samples_leaf': 5, 'min_samples_split': 2, 'min_weight_fraction_leaf': 0.0, 'n_estimators': 100, 'n_jobs': None, 'oob_score': False, 'random_state': None, 'verbose': 0, 'warm_start': False}