{
    "accuracy": 0.46474983708214856,
    "precision": 0.14007902335241376,
    "recall": 0.6735270477628662,
    "f1": 0.23192307531021067,
    "roc_auc": 0.5549062481957056,
    "precision_recall_auc": 0.4263882452467957,
    "fbeta_0.5": 0.16644456402274233,
    "fbeta_2": 0.38232984365581046,
    "fbeta_3": 0.48777347188242487,
    "fbeta_4": 0.5502620791692125
}{'bootstrap': True, 'ccp_alpha': 0.0, 'class_weight': None, 'criterion': 'gini', 'max_depth': None, 'max_features': 'sqrt', 'max_leaf_nodes': None, 'max_samples': None, 'min_impurity_decrease': 0.0, 'min_samples_leaf': 5, 'min_samples_split': 2, 'min_weight_fraction_leaf': 0.0, 'n_estimators': 100, 'n_jobs': None, 'oob_score': False, 'random_state': None, 'verbose': 0, 'warm_start': False}