{
    "accuracy": 0.5103317679582229,
    "precision": 0.3484247497821322,
    "recall": 0.5988145162754389,
    "f1": 0.4405260750381468,
    "roc_auc": 0.5335677797921536,
    "precision_recall_auc": 0.5381979314942894,
    "fbeta_0.5": 0.3802221540830842,
    "fbeta_2": 0.5235643231179733,
    "fbeta_3": 0.5586668349100506,
    "fbeta_4": 0.5745277514086898
}{'bootstrap': True, 'ccp_alpha': 0.0, 'class_weight': None, 'criterion': 'gini', 'max_depth': None, 'max_features': 'sqrt', 'max_leaf_nodes': None, 'max_samples': None, 'min_impurity_decrease': 0.0, 'min_samples_leaf': 5, 'min_samples_split': 2, 'min_weight_fraction_leaf': 0.0, 'n_estimators': 100, 'n_jobs': None, 'oob_score': False, 'random_state': None, 'verbose': 0, 'warm_start': False}