{
    "accuracy": 0.07845826782478837,
    "precision": 0.07837108433127028,
    "recall": 1.0,
    "f1": 0.14535086385382912,
    "roc_auc": 0.5000513202300241,
    "fbeta_0.5": 0.09608135541217035,
    "fbeta_2": 0.29833277072368247,
    "fbeta_3": 0.45956287548282965,
    "fbeta_4": 0.5911026914945862
}{'alpha': 0.05, 'class_prior': None, 'fit_prior': True, 'force_alpha': True, 'norm': True}