{
    "accuracy": 0.5183593076502716,
    "precision": 0.14441749001966625,
    "recall": 0.5569761104550822,
    "f1": 0.2293636321129658,
    "roc_auc": 0.5348160122708834,
    "precision_recall_auc": 0.3792023102213893,
    "fbeta_0.5": 0.16953241209225678,
    "fbeta_2": 0.3544589540375399,
    "fbeta_3": 0.4332182888875543,
    "fbeta_4": 0.47684610194302446
}{'bootstrap': True, 'ccp_alpha': 0.0, 'class_weight': None, 'criterion': 'gini', 'max_depth': None, 'max_features': 'sqrt', 'max_leaf_nodes': None, 'max_samples': None, 'min_impurity_decrease': 0.0, 'min_samples_leaf': 10, 'min_samples_split': 2, 'min_weight_fraction_leaf': 0.0, 'n_estimators': 100, 'n_jobs': None, 'oob_score': False, 'random_state': None, 'verbose': 0, 'warm_start': False}