{
    "accuracy": 0.5338912965338679,
    "precision": 0.13390781860442114,
    "recall": 0.5276079596658304,
    "f1": 0.2136028596080365,
    "roc_auc": 0.5311779587131703,
    "precision_recall_auc": 0.35909682840110413,
    "fbeta_0.5": 0.15739781349136572,
    "fbeta_2": 0.33224334040908476,
    "fbeta_3": 0.4077315017853076,
    "fbeta_4": 0.44981433527141257
}{'bootstrap': True, 'ccp_alpha': 0.0, 'class_weight': None, 'criterion': 'gini', 'max_depth': None, 'max_features': 'sqrt', 'max_leaf_nodes': None, 'max_samples': None, 'min_impurity_decrease': 0.0, 'min_samples_leaf': 5, 'min_samples_split': 2, 'min_weight_fraction_leaf': 0.0, 'n_estimators': 100, 'n_jobs': None, 'oob_score': False, 'random_state': None, 'verbose': 0, 'warm_start': False}