{
    "accuracy": 0.5305131761442441,
    "precision": 0.4193447002435767,
    "recall": 0.5948222331905679,
    "f1": 0.4919023542423764,
    "roc_auc": 0.5427867281761899,
    "precision_recall_auc": 0.5844857101898319,
    "fbeta_0.5": 0.44563809305687774,
    "fbeta_2": 0.5488853039959803,
    "fbeta_3": 0.5709312419003839,
    "fbeta_4": 0.5805323761130017
}{'bootstrap': True, 'ccp_alpha': 0.0, 'class_weight': None, 'criterion': 'gini', 'max_depth': None, 'max_features': 'sqrt', 'max_leaf_nodes': None, 'max_samples': None, 'min_impurity_decrease': 0.0, 'min_samples_leaf': 5, 'min_samples_split': 2, 'min_weight_fraction_leaf': 0.0, 'n_estimators': 100, 'n_jobs': None, 'oob_score': False, 'random_state': None, 'verbose': 0, 'warm_start': False}