{
    "accuracy": 0.5463537484487919,
    "precision": 0.3268295487208968,
    "recall": 0.639490675125419,
    "f1": 0.43257802870056156,
    "roc_auc": 0.5756630276833562,
    "precision_recall_auc": 0.5319015042388987,
    "fbeta_0.5": 0.3622521670646946,
    "fbeta_2": 0.5367872829793904,
    "fbeta_3": 0.5836553505504749,
    "fbeta_4": 0.6054215093881039
}{'bootstrap': True, 'ccp_alpha': 0.0, 'class_weight': None, 'criterion': 'gini', 'max_depth': None, 'max_features': 'sqrt', 'max_leaf_nodes': None, 'max_samples': None, 'min_impurity_decrease': 0.0, 'min_samples_leaf': 5, 'min_samples_split': 2, 'min_weight_fraction_leaf': 0.0, 'n_estimators': 100, 'n_jobs': None, 'oob_score': False, 'random_state': None, 'verbose': 0, 'warm_start': False}