{
    "accuracy": 0.5093863299024259,
    "precision": 0.23660437922733005,
    "recall": 0.5948010029107467,
    "f1": 0.3385412822216208,
    "roc_auc": 0.5406670853599451,
    "precision_recall_auc": 0.4584673697560471,
    "fbeta_0.5": 0.2690038814552981,
    "fbeta_2": 0.4565625193561803,
    "fbeta_3": 0.516593620860981,
    "fbeta_4": 0.5461633775104526
}{'bootstrap': True, 'ccp_alpha': 0.0, 'class_weight': None, 'criterion': 'gini', 'max_depth': None, 'max_features': 'sqrt', 'max_leaf_nodes': None, 'max_samples': None, 'min_impurity_decrease': 0.0, 'min_samples_leaf': 10, 'min_samples_split': 2, 'min_weight_fraction_leaf': 0.0, 'n_estimators': 100, 'n_jobs': None, 'oob_score': False, 'random_state': None, 'verbose': 0, 'warm_start': False}