{
    "accuracy": 0.5405870526446143,
    "precision": 0.39658644750493316,
    "recall": 0.4839005937369686,
    "f1": 0.4359142347966665,
    "roc_auc": 0.5286650920824743,
    "precision_recall_auc": 0.5349056685095573,
    "fbeta_0.5": 0.4114341333945648,
    "fbeta_2": 0.46349173441721536,
    "fbeta_3": 0.4734763388123334,
    "fbeta_4": 0.4777138004030835
}{'ccp_alpha': 0.0, 'class_weight': None, 'criterion': 'gini', 'max_depth': None, 'max_features': None, 'max_leaf_nodes': None, 'min_impurity_decrease': 0.0, 'min_samples_leaf': 1, 'min_samples_split': 2, 'min_weight_fraction_leaf': 0.0, 'random_state': 0, 'splitter': 'best'}