{
    "accuracy": 0.5583210104968713,
    "precision": 0.40911804901349397,
    "recall": 0.45921285172461723,
    "f1": 0.4327204429090348,
    "roc_auc": 0.5374771690744578,
    "precision_recall_auc": 0.5333557853802372,
    "fbeta_0.5": 0.41824314548216734,
    "fbeta_2": 0.44823592690762654,
    "fbeta_3": 0.45365799830801473,
    "fbeta_4": 0.4559289340307566
}{'activation': 'relu', 'alpha': 0.0001, 'batch_size': 200, 'beta_1': 0.9, 'beta_2': 0.999, 'early_stopping': False, 'epsilon': 1e-08, 'hidden_layer_sizes': (20,), 'learning_rate': 'constant', 'learning_rate_init': 0.001, 'max_fun': 15000, 'max_iter': 200, 'momentum': 0.9, 'n_iter_no_change': 10, 'nesterovs_momentum': True, 'power_t': 0.5, 'random_state': None, 'shuffle': True, 'solver': 'adam', 'tol': 0.0001, 'validation_fraction': 0.1, 'verbose': False, 'warm_start': False}{'hidden_layer_sizes': (20,), 'batch_size': 200}