{
    "accuracy": 0.5599982967126554,
    "precision": 0.24770716009654062,
    "recall": 0.5324072739848411,
    "f1": 0.33810704709962575,
    "roc_auc": 0.5498938497321286,
    "precision_recall_auc": 0.43940692626520844,
    "fbeta_0.5": 0.2773715613823836,
    "fbeta_2": 0.43289779544091195,
    "fbeta_3": 0.4775235155904682,
    "fbeta_4": 0.4986915733512873
}{'bootstrap': True, 'ccp_alpha': 0.0, 'class_weight': None, 'criterion': 'gini', 'max_depth': None, 'max_features': 'sqrt', 'max_leaf_nodes': None, 'max_samples': None, 'min_impurity_decrease': 0.0, 'min_samples_leaf': 10, 'min_samples_split': 2, 'min_weight_fraction_leaf': 0.0, 'n_estimators': 100, 'n_jobs': None, 'oob_score': False, 'random_state': None, 'verbose': 0, 'warm_start': False}{'n_estimators': 100, 'min_samples_leaf': 10}