{
    "accuracy": 0.555685329829428,
    "precision": 0.42499010423538724,
    "recall": 0.46155683283710414,
    "f1": 0.44251934848646746,
    "roc_auc": 0.5377206595545716,
    "precision_recall_auc": 0.5461337746413142,
    "fbeta_0.5": 0.4318324688441268,
    "fbeta_2": 0.45374860301966885,
    "fbeta_3": 0.45761941295143926,
    "fbeta_4": 0.4592325390472481
}{'activation': 'relu', 'alpha': 0.0001, 'batch_size': 50, 'beta_1': 0.9, 'beta_2': 0.999, 'early_stopping': False, 'epsilon': 1e-08, 'hidden_layer_sizes': (30,), 'learning_rate': 'constant', 'learning_rate_init': 0.001, 'max_fun': 15000, 'max_iter': 200, 'momentum': 0.9, 'n_iter_no_change': 10, 'nesterovs_momentum': True, 'power_t': 0.5, 'random_state': None, 'shuffle': True, 'solver': 'adam', 'tol': 0.0001, 'validation_fraction': 0.1, 'verbose': False, 'warm_start': False}{'hidden_layer_sizes': (30,), 'batch_size': 50}