{
    "accuracy": 0.5426369321361657,
    "precision": 0.41598794591953087,
    "recall": 0.48792332064897226,
    "f1": 0.4490932405202418,
    "roc_auc": 0.5321946960299822,
    "precision_recall_auc": 0.5497790753846482,
    "fbeta_0.5": 0.42862657666604187,
    "fbeta_2": 0.4716124544469614,
    "fbeta_3": 0.47962925574123016,
    "fbeta_4": 0.4830100687941552
}{'ccp_alpha': 0.0, 'class_weight': None, 'criterion': 'gini', 'max_depth': None, 'max_features': None, 'max_leaf_nodes': None, 'min_impurity_decrease': 0.0, 'min_samples_leaf': 1, 'min_samples_split': 2, 'min_weight_fraction_leaf': 0.0, 'random_state': 0, 'splitter': 'best'}