{
    "accuracy": 0.5453804413947491,
    "precision": 0.3811899609961823,
    "recall": 0.48106726036213104,
    "f1": 0.4253440984236832,
    "roc_auc": 0.5305191299705786,
    "precision_recall_auc": 0.5218742855459353,
    "fbeta_0.5": 0.3977039062926886,
    "fbeta_2": 0.4571132023706818,
    "fbeta_3": 0.46878442831622014,
    "fbeta_4": 0.4737652968174559
}{'ccp_alpha': 0.0, 'class_weight': None, 'criterion': 'gini', 'max_depth': None, 'max_features': None, 'max_leaf_nodes': None, 'min_impurity_decrease': 0.0, 'min_samples_leaf': 1, 'min_samples_split': 2, 'min_weight_fraction_leaf': 0.0, 'random_state': 0, 'splitter': 'best'}