{
    "accuracy": 0.5550526802443001,
    "precision": 0.7097996751488901,
    "recall": 0.5702892771695788,
    "f1": 0.6324422110552763,
    "roc_auc": 0.5471163653259632,
    "precision_recall_auc": 0.7842642488920373,
    "fbeta_0.5": 0.6766917293233082,
    "fbeta_2": 0.5936245358770791,
    "fbeta_3": 0.5817229827169258,
    "fbeta_4": 0.5769599171592527
}{'C': 1.0, 'class_weight': None, 'dual': False, 'fit_intercept': True, 'intercept_scaling': 1, 'l1_ratio': None, 'max_iter': 100, 'multi_class': 'auto', 'n_jobs': None, 'penalty': 'l2', 'random_state': 0, 'solver': 'saga', 'tol': 0.0001, 'verbose': 0, 'warm_start': False}