{
    "accuracy": 0.5106333795654184,
    "precision": 0.2961200792976494,
    "recall": 0.5880632606690513,
    "f1": 0.39389418802646053,
    "roc_auc": 0.5349998052930456,
    "precision_recall_auc": 0.49778612456640997,
    "fbeta_0.5": 0.32876285055250776,
    "fbeta_2": 0.4912074985248743,
    "fbeta_3": 0.5352893716186053,
    "fbeta_4": 0.5558286459760022
}{'alpha': 0, 'class_prior': None, 'fit_prior': True, 'force_alpha': True}{'force_alpha': True, 'fit_prior': True, 'alpha': 0}