{
    "accuracy": 0.6680286909182731,
    "precision": 0.2101477178645361,
    "recall": 0.2101477178645361,
    "f1": 0.2101477178645361,
    "roc_auc": 0.5,
    "precision_recall_auc": 0.2101477178645361,
    "fbeta_0.5": 0.2101477178645361,
    "fbeta_2": 0.2101477178645361,
    "fbeta_3": 0.2101477178645361,
    "fbeta_4": 0.2101477178645361
}