{
    "accuracy": 0.49106017672040153,
    "precision": 0.21555531725233407,
    "recall": 0.5863162788153901,
    "f1": 0.3152215195301301,
    "roc_auc": 0.5267969588219537,
    "precision_recall_auc": 0.4422603997573595,
    "fbeta_0.5": 0.24676386888672183,
    "fbeta_2": 0.4362454797255688,
    "fbeta_3": 0.5002687107870853,
    "fbeta_4": 0.5324445712605138
}{'alpha': 100, 'class_prior': None, 'fit_prior': True, 'force_alpha': True}{'force_alpha': True, 'fit_prior': True, 'alpha': 100}