{
    "accuracy": 0.5306947894433963,
    "precision": 0.26207976093066276,
    "recall": 0.5943412209860507,
    "f1": 0.3637575640864213,
    "roc_auc": 0.553240578293913,
    "precision_recall_auc": 0.4739940776686329,
    "fbeta_0.5": 0.2950711722818629,
    "fbeta_2": 0.47412361659239577,
    "fbeta_3": 0.5274693172355475,
    "fbeta_4": 0.5530938393498313
}{'bootstrap': True, 'ccp_alpha': 0.0, 'class_weight': None, 'criterion': 'gini', 'max_depth': None, 'max_features': 'sqrt', 'max_leaf_nodes': None, 'max_samples': None, 'min_impurity_decrease': 0.0, 'min_samples_leaf': 10, 'min_samples_split': 2, 'min_weight_fraction_leaf': 0.0, 'n_estimators': 100, 'n_jobs': None, 'oob_score': False, 'random_state': None, 'verbose': 0, 'warm_start': False}{'n_estimators': 100, 'min_samples_leaf': 10}