{
    "accuracy": 0.5561841496946249,
    "precision": 0.2832443565215035,
    "recall": 0.5103017283468412,
    "f1": 0.3642890751616333,
    "roc_auc": 0.5408570477357747,
    "precision_recall_auc": 0.457787228384485,
    "fbeta_0.5": 0.3109122710993182,
    "fbeta_2": 0.4397916333554941,
    "fbeta_3": 0.47243026771952507,
    "fbeta_4": 0.4873221744699175
}{'ccp_alpha': 0.0, 'class_weight': None, 'criterion': 'gini', 'max_depth': None, 'max_features': None, 'max_leaf_nodes': None, 'min_impurity_decrease': 0.0, 'min_samples_leaf': 1, 'min_samples_split': 2, 'min_weight_fraction_leaf': 0.0, 'random_state': 0, 'splitter': 'best'}