{
    "accuracy": 0.6047390760826048,
    "precision": 0.27115608366988997,
    "recall": 0.27115608366988997,
    "f1": 0.27115608366988997,
    "roc_auc": 0.5,
    "precision_recall_auc": 0.27115608366988997,
    "fbeta_0.5": 0.27115608366988997,
    "fbeta_2": 0.27115608366988997,
    "fbeta_3": 0.27115608366988997,
    "fbeta_4": 0.27115608366988997
}