{
    "accuracy": 0.537029839536875,
    "precision": 0.11984110954016024,
    "recall": 0.5724476669395392,
    "f1": 0.1981911765450156,
    "roc_auc": 0.552772099177107,
    "precision_recall_auc": 0.36751219684132774,
    "fbeta_0.5": 0.14235113473774821,
    "fbeta_2": 0.32611700905066304,
    "fbeta_3": 0.41551804999373965,
    "fbeta_4": 0.468390072708391
}{'bootstrap': True, 'ccp_alpha': 0.0, 'class_weight': None, 'criterion': 'gini', 'max_depth': None, 'max_features': 'sqrt', 'max_leaf_nodes': None, 'max_samples': None, 'min_impurity_decrease': 0.0, 'min_samples_leaf': 10, 'min_samples_split': 2, 'min_weight_fraction_leaf': 0.0, 'n_estimators': 100, 'n_jobs': None, 'oob_score': False, 'random_state': None, 'verbose': 0, 'warm_start': False}