{
    "accuracy": 0.5125030318792976,
    "precision": 0.15470539269724853,
    "recall": 0.6246253065673539,
    "f1": 0.24798946950845685,
    "roc_auc": 0.5602843866760389,
    "precision_recall_auc": 0.41381810374762085,
    "fbeta_0.5": 0.18210587643335718,
    "fbeta_2": 0.388568683957733,
    "fbeta_3": 0.479098446317843,
    "fbeta_4": 0.529937486683621
}{'bootstrap': True, 'ccp_alpha': 0.0, 'class_weight': None, 'criterion': 'gini', 'max_depth': None, 'max_features': 'sqrt', 'max_leaf_nodes': None, 'max_samples': None, 'min_impurity_decrease': 0.0, 'min_samples_leaf': 10, 'min_samples_split': 2, 'min_weight_fraction_leaf': 0.0, 'n_estimators': 100, 'n_jobs': None, 'oob_score': False, 'random_state': None, 'verbose': 0, 'warm_start': False}