{
    "accuracy": 0.47420053361075637,
    "precision": 0.143191161356629,
    "recall": 0.6786906008719585,
    "f1": 0.2364877767263438,
    "roc_auc": 0.5625056245377259,
    "precision_recall_auc": 0.43021632771376717,
    "fbeta_0.5": 0.17002112374413791,
    "fbeta_2": 0.38827794932391013,
    "fbeta_3": 0.4939613162611038,
    "fbeta_4": 0.5563104219318107
}{'bootstrap': True, 'ccp_alpha': 0.0, 'class_weight': None, 'criterion': 'gini', 'max_depth': None, 'max_features': 'sqrt', 'max_leaf_nodes': None, 'max_samples': None, 'min_impurity_decrease': 0.0, 'min_samples_leaf': 5, 'min_samples_split': 2, 'min_weight_fraction_leaf': 0.0, 'n_estimators': 100, 'n_jobs': None, 'oob_score': False, 'random_state': None, 'verbose': 0, 'warm_start': False}