{
    "accuracy": 0.5104428151035807,
    "precision": 0.15465543567629242,
    "recall": 0.6279180670360615,
    "f1": 0.24818356841854888,
    "roc_auc": 0.5605053625147807,
    "precision_recall_auc": 0.41522763920732697,
    "fbeta_0.5": 0.18210616438356164,
    "fbeta_2": 0.3895220251595362,
    "fbeta_3": 0.48079079836206673,
    "fbeta_4": 0.532131039533965
}{'bootstrap': True, 'ccp_alpha': 0.0, 'class_weight': None, 'criterion': 'gini', 'max_depth': None, 'max_features': 'sqrt', 'max_leaf_nodes': None, 'max_samples': None, 'min_impurity_decrease': 0.0, 'min_samples_leaf': 10, 'min_samples_split': 2, 'min_weight_fraction_leaf': 0.0, 'n_estimators': 100, 'n_jobs': None, 'oob_score': False, 'random_state': None, 'verbose': 0, 'warm_start': False}