{
    "accuracy": 0.5063925165913202,
    "precision": 0.1859466799845124,
    "recall": 0.5815753448699498,
    "f1": 0.28179518251589175,
    "roc_auc": 0.5364743202389431,
    "precision_recall_auc": 0.41859620969664024,
    "fbeta_0.5": 0.21522955134150684,
    "fbeta_2": 0.40797155513531747,
    "fbeta_3": 0.4795451289346448,
    "fbeta_4": 0.5168843561758215
}{'bootstrap': True, 'ccp_alpha': 0.0, 'class_weight': None, 'criterion': 'gini', 'max_depth': None, 'max_features': 'sqrt', 'max_leaf_nodes': None, 'max_samples': None, 'min_impurity_decrease': 0.0, 'min_samples_leaf': 5, 'min_samples_split': 2, 'min_weight_fraction_leaf': 0.0, 'n_estimators': 100, 'n_jobs': None, 'oob_score': False, 'random_state': None, 'verbose': 0, 'warm_start': False}