{
    "accuracy": 0.5189992123208408,
    "precision": 0.09645714083453004,
    "recall": 0.6140641724140706,
    "f1": 0.16672511648995153,
    "roc_auc": 0.5624901637375331,
    "precision_recall_auc": 0.3703823306663936,
    "fbeta_0.5": 0.11601550015615102,
    "fbeta_2": 0.2961861419836471,
    "fbeta_3": 0.39962040173102675,
    "fbeta_4": 0.46673539147956244
}{'bootstrap': True, 'ccp_alpha': 0.0, 'class_weight': None, 'criterion': 'gini', 'max_depth': None, 'max_features': 'sqrt', 'max_leaf_nodes': None, 'max_samples': None, 'min_impurity_decrease': 0.0, 'min_samples_leaf': 10, 'min_samples_split': 2, 'min_weight_fraction_leaf': 0.0, 'n_estimators': 100, 'n_jobs': None, 'oob_score': False, 'random_state': None, 'verbose': 0, 'warm_start': False}