{
    "accuracy": 0.5025752504775581,
    "precision": 0.10981310123011774,
    "recall": 0.6008699254349628,
    "f1": 0.18569006848961506,
    "roc_auc": 0.5466001866062894,
    "precision_recall_auc": 0.37417801850921306,
    "fbeta_0.5": 0.13126880773690597,
    "fbeta_2": 0.31719052664399017,
    "fbeta_3": 0.41520195682464756,
    "fbeta_4": 0.4757315238760855
}{'activation': 'relu', 'alpha': 0.0001, 'batch_size': 100, 'beta_1': 0.9, 'beta_2': 0.999, 'early_stopping': False, 'epsilon': 1e-08, 'hidden_layer_sizes': (30,), 'learning_rate': 'constant', 'learning_rate_init': 0.001, 'max_fun': 15000, 'max_iter': 200, 'momentum': 0.9, 'n_iter_no_change': 10, 'nesterovs_momentum': True, 'power_t': 0.5, 'random_state': None, 'shuffle': True, 'solver': 'adam', 'tol': 0.0001, 'validation_fraction': 0.1, 'verbose': False, 'warm_start': False}