{
    "accuracy": 0.4302903944134691,
    "precision": 0.0907929691726393,
    "recall": 0.6955874423583001,
    "f1": 0.16062060622278715,
    "roc_auc": 0.5516602557361401,
    "precision_recall_auc": 0.40511764846953624,
    "fbeta_0.5": 0.10990482366629153,
    "fbeta_2": 0.29824743015082655,
    "fbeta_3": 0.4174882022499046,
    "fbeta_4": 0.49976174466170287
}{'activation': 'relu', 'alpha': 0.0001, 'batch_size': 200, 'beta_1': 0.9, 'beta_2': 0.999, 'early_stopping': False, 'epsilon': 1e-08, 'hidden_layer_sizes': (20,), 'learning_rate': 'constant', 'learning_rate_init': 0.001, 'max_fun': 15000, 'max_iter': 200, 'momentum': 0.9, 'n_iter_no_change': 10, 'nesterovs_momentum': True, 'power_t': 0.5, 'random_state': None, 'shuffle': True, 'solver': 'adam', 'tol': 0.0001, 'validation_fraction': 0.1, 'verbose': False, 'warm_start': False}