{
    "accuracy": 0.47747988075710535,
    "precision": 0.13725326950428418,
    "recall": 0.5901526865575173,
    "f1": 0.22271026257550844,
    "roc_auc": 0.5256323402163696,
    "precision_recall_auc": 0.3896960749595826,
    "fbeta_0.5": 0.16213930227291168,
    "fbeta_2": 0.35552501776157436,
    "fbeta_3": 0.4437326658165697,
    "fbeta_4": 0.4942229872546662
}{'alpha': 0.2, 'class_prior': None, 'fit_prior': True, 'force_alpha': True, 'norm': False}