{
    "accuracy": 0.5381336986045655,
    "precision": 0.2683630722267265,
    "recall": 0.5904845936444475,
    "f1": 0.3690159872350251,
    "roc_auc": 0.5565469126999535,
    "precision_recall_auc": 0.4762560572746838,
    "fbeta_0.5": 0.30122832469542254,
    "fbeta_2": 0.4761726881430657,
    "fbeta_3": 0.5272033314984751,
    "fbeta_4": 0.5515418507541736
}{'bootstrap': True, 'ccp_alpha': 0.0, 'class_weight': None, 'criterion': 'gini', 'max_depth': None, 'max_features': 'sqrt', 'max_leaf_nodes': None, 'max_samples': None, 'min_impurity_decrease': 0.0, 'min_samples_leaf': 5, 'min_samples_split': 2, 'min_weight_fraction_leaf': 0.0, 'n_estimators': 100, 'n_jobs': None, 'oob_score': False, 'random_state': None, 'verbose': 0, 'warm_start': False}