{
    "accuracy": 0.5556795829651927,
    "precision": 0.14626509512051503,
    "recall": 0.5174637425359592,
    "f1": 0.22806567751577184,
    "roc_auc": 0.5393474547830821,
    "precision_recall_auc": 0.3624675515083454,
    "fbeta_0.5": 0.17076440196034998,
    "fbeta_2": 0.34324366217156577,
    "fbeta_3": 0.4127213244770496,
    "fbeta_4": 0.45024832892965233
}{'activation': 'relu', 'alpha': 0.0001, 'batch_size': 200, 'beta_1': 0.9, 'beta_2': 0.999, 'early_stopping': False, 'epsilon': 1e-08, 'hidden_layer_sizes': (20,), 'learning_rate': 'constant', 'learning_rate_init': 0.001, 'max_fun': 15000, 'max_iter': 200, 'momentum': 0.9, 'n_iter_no_change': 10, 'nesterovs_momentum': True, 'power_t': 0.5, 'random_state': None, 'shuffle': True, 'solver': 'adam', 'tol': 0.0001, 'validation_fraction': 0.1, 'verbose': False, 'warm_start': False}