{
    "accuracy": 0.521915958606798,
    "precision": 0.11367076776153369,
    "recall": 0.5980436699895769,
    "f1": 0.191031906946964,
    "fbeta_0.5": 0.13564300859914963,
    "fbeta_2": 0.3228762055372468,
    "fbeta_3": 0.41935042568462794,
    "fbeta_4": 0.4781830980604125
}{'bootstrap': True, 'ccp_alpha': 0.0, 'class_weight': None, 'criterion': 'gini', 'max_depth': None, 'max_features': 'sqrt', 'max_leaf_nodes': None, 'max_samples': None, 'min_impurity_decrease': 0.0, 'min_samples_leaf': 10, 'min_samples_split': 2, 'min_weight_fraction_leaf': 0.0, 'n_estimators': 100, 'n_jobs': None, 'oob_score': False, 'random_state': None, 'verbose': 0, 'warm_start': False}{'n_estimators': 100, 'min_samples_leaf': 10}