{
    "accuracy": 0.6471777990092512,
    "precision": 0.2287272599308482,
    "recall": 0.2287272599308482,
    "f1": 0.2287272599308482,
    "fbeta_0.5": 0.2287272599308482,
    "fbeta_2": 0.2287272599308482,
    "fbeta_3": 0.2287272599308482,
    "fbeta_4": 0.22872725993084816,
    "roc_auc": 0.5
}