{
    "accuracy": 0.5116849586074287,
    "precision": 0.25608958329876824,
    "recall": 0.5958309781484801,
    "f1": 0.3582167488746309,
    "roc_auc": 0.5412813708923326,
    "precision_recall_auc": 0.4721810919763998,
    "fbeta_0.5": 0.2890530550593681,
    "fbeta_2": 0.4708897467790621,
    "fbeta_3": 0.5260433998646021,
    "fbeta_4": 0.5526992825524201
}{'C': 1.0, 'class_weight': None, 'dual': False, 'fit_intercept': True, 'intercept_scaling': 1, 'l1_ratio': None, 'max_iter': 100, 'multi_class': 'auto', 'n_jobs': None, 'penalty': 'l2', 'random_state': 0, 'solver': 'saga', 'tol': 0.0001, 'verbose': 0, 'warm_start': False}