{
    "accuracy": 0.4628311925992214,
    "precision": 0.08638690472129552,
    "recall": 0.6114164768749145,
    "f1": 0.151384697540452,
    "roc_auc": 0.5308069785600237,
    "fbeta_0.5": 0.10429951673577958,
    "fbeta_2": 0.2759684358422606,
    "fbeta_3": 0.3802896496283649,
    "fbeta_4": 0.4503959051557292
}{'alpha': 10.0, 'class_prior': None, 'fit_prior': True, 'force_alpha': True, 'norm': False}