{
    "accuracy": 0.568961026593789,
    "precision": 0.08641653088004153,
    "recall": 0.545533162197098,
    "f1": 0.149198848811966,
    "fbeta_0.5": 0.10390579974991453,
    "fbeta_2": 0.2644923762430422,
    "fbeta_3": 0.3562587981281388,
    "fbeta_4": 0.4156381035218514
}{'bootstrap': True, 'ccp_alpha': 0.0, 'class_weight': None, 'criterion': 'gini', 'max_depth': None, 'max_features': 'sqrt', 'max_leaf_nodes': None, 'max_samples': None, 'min_impurity_decrease': 0.0, 'min_samples_leaf': 10, 'min_samples_split': 2, 'min_weight_fraction_leaf': 0.0, 'n_estimators': 100, 'n_jobs': None, 'oob_score': False, 'random_state': None, 'verbose': 0, 'warm_start': False}{'n_estimators': 100, 'min_samples_leaf': 10}