{
    "accuracy": 0.5180431501868925,
    "precision": 0.11033897681779505,
    "recall": 0.5813600769703611,
    "f1": 0.18547567964512543,
    "fbeta_0.5": 0.1316758797863428,
    "fbeta_2": 0.31360943333254043,
    "fbeta_3": 0.40743288391831584,
    "fbeta_4": 0.4646757560707286
}{'activation': 'relu', 'alpha': 0.0001, 'batch_size': 100, 'beta_1': 0.9, 'beta_2': 0.999, 'early_stopping': False, 'epsilon': 1e-08, 'hidden_layer_sizes': (30,), 'learning_rate': 'constant', 'learning_rate_init': 0.001, 'max_fun': 15000, 'max_iter': 200, 'momentum': 0.9, 'n_iter_no_change': 10, 'nesterovs_momentum': True, 'power_t': 0.5, 'random_state': None, 'shuffle': True, 'solver': 'adam', 'tol': 0.0001, 'validation_fraction': 0.1, 'verbose': False, 'warm_start': False}{'hidden_layer_sizes': (30,), 'batch_size': 100}