{
    "accuracy": 0.4828542616974139,
    "precision": 0.25138887982900743,
    "recall": 0.637565313297029,
    "f1": 0.3605963753069246,
    "roc_auc": 0.5372702886603936,
    "precision_recall_auc": 0.4859251649201995,
    "fbeta_0.5": 0.28604005196567256,
    "fbeta_2": 0.4877207651024718,
    "fbeta_3": 0.5526662923730383,
    "fbeta_4": 0.5847275595208169
}{'alpha': 0.2, 'class_prior': None, 'fit_prior': True, 'force_alpha': True, 'norm': False}