{
    "accuracy": 0.5549682121953419,
    "precision": 0.13331670193751036,
    "recall": 0.4995193558837744,
    "f1": 0.21046295405367305,
    "roc_auc": 0.5309794875572965,
    "precision_recall_auc": 0.34613257877628284,
    "fbeta_0.5": 0.15622233420955856,
    "fbeta_2": 0.32240107112814664,
    "fbeta_3": 0.39187631817753804,
    "fbeta_4": 0.4300343426524771
}{'activation': 'relu', 'alpha': 0.0001, 'batch_size': 200, 'beta_1': 0.9, 'beta_2': 0.999, 'early_stopping': False, 'epsilon': 1e-08, 'hidden_layer_sizes': (15,), 'learning_rate': 'constant', 'learning_rate_init': 0.001, 'max_fun': 15000, 'max_iter': 200, 'momentum': 0.9, 'n_iter_no_change': 10, 'nesterovs_momentum': True, 'power_t': 0.5, 'random_state': None, 'shuffle': True, 'solver': 'adam', 'tol': 0.0001, 'validation_fraction': 0.1, 'verbose': False, 'warm_start': False}