{
    "accuracy": 0.5105491618374808,
    "precision": 0.1420002216574247,
    "recall": 0.566953875832169,
    "f1": 0.22711647008679783,
    "roc_auc": 0.534654585365779,
    "precision_recall_auc": 0.3819414470972925,
    "fbeta_0.5": 0.16704093844803922,
    "fbeta_2": 0.3546730614314196,
    "fbeta_3": 0.4363658628052747,
    "fbeta_4": 0.4820885237185402
}{'C': 1.0, 'class_weight': None, 'dual': False, 'fit_intercept': True, 'intercept_scaling': 1, 'l1_ratio': None, 'max_iter': 100, 'multi_class': 'auto', 'n_jobs': None, 'penalty': 'l2', 'random_state': 0, 'solver': 'saga', 'tol': 0.0001, 'verbose': 0, 'warm_start': False}