{
    "accuracy": 0.5374500763399217,
    "precision": 0.1387251672964444,
    "recall": 0.5558901475922651,
    "f1": 0.22203931318599726,
    "roc_auc": 0.5454277664313604,
    "precision_recall_auc": 0.3736753591933304,
    "fbeta_0.5": 0.1632231694936664,
    "fbeta_2": 0.34712185480099894,
    "fbeta_3": 0.4273733208117268,
    "fbeta_4": 0.47233817425127866
}{'bootstrap': True, 'ccp_alpha': 0.0, 'class_weight': None, 'criterion': 'gini', 'max_depth': None, 'max_features': 'sqrt', 'max_leaf_nodes': None, 'max_samples': None, 'min_impurity_decrease': 0.0, 'min_samples_leaf': 10, 'min_samples_split': 2, 'min_weight_fraction_leaf': 0.0, 'n_estimators': 100, 'n_jobs': None, 'oob_score': False, 'random_state': None, 'verbose': 0, 'warm_start': False}