{
    "accuracy": 0.8298329159206215,
    "precision": 0.09390092593024703,
    "recall": 0.09390092593024703,
    "f1": 0.09390092593024703,
    "fbeta_0.5": 0.09390092593024703,
    "fbeta_2": 0.09390092593024703,
    "fbeta_3": 0.09390092593024703,
    "fbeta_4": 0.09390092593024701
}