{
    "accuracy": 0.5219828072784329,
    "precision": 0.11356533008080501,
    "recall": 0.5972218510302804,
    "f1": 0.19084107999163064,
    "roc_auc": 0.55568141910046,
    "precision_recall_auc": 0.37440226259406767,
    "fbeta_0.5": 0.13551444092580084,
    "fbeta_2": 0.3225144181642891,
    "fbeta_3": 0.41884323637406445,
    "fbeta_4": 0.47757881781449807
}{'bootstrap': True, 'ccp_alpha': 0.0, 'class_weight': None, 'criterion': 'gini', 'max_depth': None, 'max_features': 'sqrt', 'max_leaf_nodes': None, 'max_samples': None, 'min_impurity_decrease': 0.0, 'min_samples_leaf': 10, 'min_samples_split': 2, 'min_weight_fraction_leaf': 0.0, 'n_estimators': 100, 'n_jobs': None, 'oob_score': False, 'random_state': None, 'verbose': 0, 'warm_start': False}