{
    "accuracy": 0.5318895256241288,
    "precision": 0.18070388199334234,
    "recall": 0.5125662536417565,
    "f1": 0.26720525535691414,
    "roc_auc": 0.524157987892546,
    "precision_recall_auc": 0.3872154937125748,
    "fbeta_0.5": 0.20758405003909305,
    "fbeta_2": 0.3748748491772136,
    "fbeta_3": 0.4330387592301533,
    "fbeta_4": 0.4625926843857906
}{'bootstrap': True, 'ccp_alpha': 0.0, 'class_weight': None, 'criterion': 'gini', 'max_depth': None, 'max_features': 'sqrt', 'max_leaf_nodes': None, 'max_samples': None, 'min_impurity_decrease': 0.0, 'min_samples_leaf': 5, 'min_samples_split': 2, 'min_weight_fraction_leaf': 0.0, 'n_estimators': 100, 'n_jobs': None, 'oob_score': False, 'random_state': None, 'verbose': 0, 'warm_start': False}