{
    "accuracy": 0.5136992967856534,
    "precision": 0.2896764585266884,
    "recall": 0.6552582755590275,
    "f1": 0.401748162782692,
    "roc_auc": 0.5609873177121039,
    "precision_recall_auc": 0.5154206239715875,
    "fbeta_0.5": 0.32605949292051745,
    "fbeta_2": 0.5231991517164488,
    "fbeta_3": 0.5818293745583499,
    "fbeta_4": 0.6099753236927307
}{'bootstrap': True, 'ccp_alpha': 0.0, 'class_weight': None, 'criterion': 'gini', 'max_depth': None, 'max_features': 'sqrt', 'max_leaf_nodes': None, 'max_samples': None, 'min_impurity_decrease': 0.0, 'min_samples_leaf': 5, 'min_samples_split': 2, 'min_weight_fraction_leaf': 0.0, 'n_estimators': 100, 'n_jobs': None, 'oob_score': False, 'random_state': None, 'verbose': 0, 'warm_start': False}