{
    "accuracy": 0.5445835462442514,
    "precision": 0.31950148367952524,
    "recall": 0.6055656790623383,
    "f1": 0.4183028880894476,
    "roc_auc": 0.5637740265710317,
    "precision_recall_auc": 0.5158616831788496,
    "fbeta_0.5": 0.35283693056251003,
    "fbeta_2": 0.5135964343226969,
    "fbeta_3": 0.5558021841427684,
    "fbeta_4": 0.5752678304289561
}{'bootstrap': True, 'ccp_alpha': 0.0, 'class_weight': None, 'criterion': 'gini', 'max_depth': None, 'max_features': 'sqrt', 'max_leaf_nodes': None, 'max_samples': None, 'min_impurity_decrease': 0.0, 'min_samples_leaf': 5, 'min_samples_split': 2, 'min_weight_fraction_leaf': 0.0, 'n_estimators': 100, 'n_jobs': None, 'oob_score': False, 'random_state': None, 'verbose': 0, 'warm_start': False}