{
    "accuracy": 0.5796895150497603,
    "precision": 0.7315750471571005,
    "recall": 0.5904897411730587,
    "f1": 0.653504372943914,
    "roc_auc": 0.5740639809410553,
    "precision_recall_auc": 0.7984724749495651,
    "fbeta_0.5": 0.6982104586369482,
    "fbeta_2": 0.6141787949626725,
    "fbeta_3": 0.6021013528498559,
    "fbeta_4": 0.5972652391284654
}{'bootstrap': True, 'ccp_alpha': 0.0, 'class_weight': None, 'criterion': 'gini', 'max_depth': None, 'max_features': 'sqrt', 'max_leaf_nodes': None, 'max_samples': None, 'min_impurity_decrease': 0.0, 'min_samples_leaf': 5, 'min_samples_split': 2, 'min_weight_fraction_leaf': 0.0, 'n_estimators': 100, 'n_jobs': None, 'oob_score': False, 'random_state': None, 'verbose': 0, 'warm_start': False}