{
    "accuracy": 0.44631074163555995,
    "precision": 0.0731598888159072,
    "recall": 0.5992226045478545,
    "f1": 0.1303991687986506,
    "roc_auc": 0.5170755949335186,
    "precision_recall_auc": 0.3500740130312686,
    "fbeta_0.5": 0.08874122725422158,
    "fbeta_2": 0.24577261543401396,
    "fbeta_3": 0.34857595229963123,
    "fbeta_4": 0.4211052545821476
}{'alpha': 0.2, 'class_prior': None, 'fit_prior': True, 'force_alpha': True, 'norm': False}