{
    "accuracy": 0.5461195922735549,
    "precision": 0.10830221714040698,
    "recall": 0.5265387390758212,
    "f1": 0.17965228076054607,
    "roc_auc": 0.5373495768912379,
    "precision_recall_auc": 0.3397649619260057,
    "fbeta_0.5": 0.12875686542076106,
    "fbeta_2": 0.2970849439916882,
    "fbeta_3": 0.3798500092304236,
    "fbeta_4": 0.4290702765268451
}{'ccp_alpha': 0.0, 'class_weight': None, 'criterion': 'gini', 'max_depth': None, 'max_features': None, 'max_leaf_nodes': None, 'min_impurity_decrease': 0.0, 'min_samples_leaf': 1, 'min_samples_split': 2, 'min_weight_fraction_leaf': 0.0, 'random_state': 0, 'splitter': 'best'}