{
    "accuracy": 0.5284704424644284,
    "precision": 0.18892160602737113,
    "recall": 0.5562673312506582,
    "f1": 0.28205173840691267,
    "roc_auc": 0.5395924043489064,
    "precision_recall_auc": 0.4095366393769229,
    "fbeta_0.5": 0.2176704896641714,
    "fbeta_2": 0.40051304084108363,
    "fbeta_3": 0.46571256446801945,
    "fbeta_4": 0.49917270079376264
}{'bootstrap': True, 'ccp_alpha': 0.0, 'class_weight': None, 'criterion': 'gini', 'max_depth': None, 'max_features': 'sqrt', 'max_leaf_nodes': None, 'max_samples': None, 'min_impurity_decrease': 0.0, 'min_samples_leaf': 5, 'min_samples_split': 2, 'min_weight_fraction_leaf': 0.0, 'n_estimators': 100, 'n_jobs': None, 'oob_score': False, 'random_state': None, 'verbose': 0, 'warm_start': False}