{
    "accuracy": 0.5504636218318688,
    "precision": 0.12140795503455959,
    "recall": 0.5607823646357151,
    "f1": 0.19960248085248083,
    "roc_auc": 0.5550500219668106,
    "precision_recall_auc": 0.36304596594974375,
    "fbeta_0.5": 0.14396777931895835,
    "fbeta_2": 0.3253178382925605,
    "fbeta_3": 0.4117649584392389,
    "fbeta_4": 0.4623552999495215
}{'bootstrap': True, 'ccp_alpha': 0.0, 'class_weight': None, 'criterion': 'gini', 'max_depth': None, 'max_features': 'sqrt', 'max_leaf_nodes': None, 'max_samples': None, 'min_impurity_decrease': 0.0, 'min_samples_leaf': 10, 'min_samples_split': 2, 'min_weight_fraction_leaf': 0.0, 'n_estimators': 100, 'n_jobs': None, 'oob_score': False, 'random_state': None, 'verbose': 0, 'warm_start': False}