{
    "accuracy": 0.5169653737467015,
    "precision": 0.14620852270785634,
    "recall": 0.6252526974693718,
    "f1": 0.23699771505066122,
    "roc_auc": 0.5637271656304819,
    "precision_recall_auc": 0.40821181243696897,
    "fbeta_0.5": 0.17266660299259184,
    "fbeta_2": 0.3777302343101652,
    "fbeta_3": 0.47094888743347446,
    "fbeta_4": 0.5242189095364509
}{'bootstrap': True, 'ccp_alpha': 0.0, 'class_weight': None, 'criterion': 'gini', 'max_depth': None, 'max_features': 'sqrt', 'max_leaf_nodes': None, 'max_samples': None, 'min_impurity_decrease': 0.0, 'min_samples_leaf': 5, 'min_samples_split': 2, 'min_weight_fraction_leaf': 0.0, 'n_estimators': 100, 'n_jobs': None, 'oob_score': False, 'random_state': None, 'verbose': 0, 'warm_start': False}