{
    "accuracy": 0.524656849709378,
    "precision": 0.15495727142100885,
    "recall": 0.6048914524479971,
    "f1": 0.24671313126635333,
    "roc_auc": 0.558849145852991,
    "precision_recall_auc": 0.40534685248818986,
    "fbeta_0.5": 0.18203823780261114,
    "fbeta_2": 0.38266823352286927,
    "fbeta_3": 0.468777223026875,
    "fbeta_4": 0.5166479363358909
}{'bootstrap': True, 'ccp_alpha': 0.0, 'class_weight': None, 'criterion': 'gini', 'max_depth': None, 'max_features': 'sqrt', 'max_leaf_nodes': None, 'max_samples': None, 'min_impurity_decrease': 0.0, 'min_samples_leaf': 10, 'min_samples_split': 2, 'min_weight_fraction_leaf': 0.0, 'n_estimators': 100, 'n_jobs': None, 'oob_score': False, 'random_state': None, 'verbose': 0, 'warm_start': False}