{
    "accuracy": 0.4821754720234251,
    "precision": 0.14993848515757263,
    "recall": 0.647606503769643,
    "f1": 0.24350008965393577,
    "roc_auc": 0.5526745663759857,
    "precision_recall_auc": 0.4214465681696894,
    "fbeta_0.5": 0.17716828937363016,
    "fbeta_2": 0.3892264605204973,
    "fbeta_3": 0.48622217069436446,
    "fbeta_4": 0.5418194985549424
}{'bootstrap': True, 'ccp_alpha': 0.0, 'class_weight': None, 'criterion': 'gini', 'max_depth': None, 'max_features': 'sqrt', 'max_leaf_nodes': None, 'max_samples': None, 'min_impurity_decrease': 0.0, 'min_samples_leaf': 10, 'min_samples_split': 2, 'min_weight_fraction_leaf': 0.0, 'n_estimators': 100, 'n_jobs': None, 'oob_score': False, 'random_state': None, 'verbose': 0, 'warm_start': False}