{
    "accuracy": 0.5492675864418327,
    "precision": 0.429091914166541,
    "recall": 0.5437928893276227,
    "f1": 0.47968090559889887,
    "roc_auc": 0.54822272615346,
    "precision_recall_auc": 0.5735929236829896,
    "fbeta_0.5": 0.44799063986295584,
    "fbeta_2": 0.5161959229076488,
    "fbeta_3": 0.5296351605544778,
    "fbeta_4": 0.5353745661627208
}{'bootstrap': True, 'ccp_alpha': 0.0, 'class_weight': None, 'criterion': 'gini', 'max_depth': None, 'max_features': 'sqrt', 'max_leaf_nodes': None, 'max_samples': None, 'min_impurity_decrease': 0.0, 'min_samples_leaf': 5, 'min_samples_split': 2, 'min_weight_fraction_leaf': 0.0, 'n_estimators': 100, 'n_jobs': None, 'oob_score': False, 'random_state': None, 'verbose': 0, 'warm_start': False}{'n_estimators': 100, 'min_samples_leaf': 5}