{
    "accuracy": 0.569421125629608,
    "precision": 0.7289944664397675,
    "recall": 0.5706880301602262,
    "f1": 0.6402000752315402,
    "roc_auc": 0.5687612306822151,
    "precision_recall_auc": 0.7939271913128688,
    "fbeta_0.5": 0.6906763301979503,
    "fbeta_2": 0.5965991988752419,
    "fbeta_3": 0.5833560294883267,
    "fbeta_4": 0.5780723003467816
}{'bootstrap': True, 'ccp_alpha': 0.0, 'class_weight': None, 'criterion': 'gini', 'max_depth': None, 'max_features': 'sqrt', 'max_leaf_nodes': None, 'max_samples': None, 'min_impurity_decrease': 0.0, 'min_samples_leaf': 5, 'min_samples_split': 2, 'min_weight_fraction_leaf': 0.0, 'n_estimators': 100, 'n_jobs': None, 'oob_score': False, 'random_state': None, 'verbose': 0, 'warm_start': False}{'n_estimators': 100, 'min_samples_leaf': 5}