{
    "accuracy": 0.5238795196918734,
    "precision": 0.20933595557612217,
    "recall": 0.5797171095839941,
    "f1": 0.30759815900079474,
    "roc_auc": 0.545568602331047,
    "precision_recall_auc": 0.4328626372215366,
    "fbeta_0.5": 0.24000360768064596,
    "fbeta_2": 0.4281948375249652,
    "fbeta_3": 0.4925665863189256,
    "fbeta_4": 0.5250693003058773
}{'bootstrap': True, 'ccp_alpha': 0.0, 'class_weight': None, 'criterion': 'gini', 'max_depth': None, 'max_features': 'sqrt', 'max_leaf_nodes': None, 'max_samples': None, 'min_impurity_decrease': 0.0, 'min_samples_leaf': 5, 'min_samples_split': 2, 'min_weight_fraction_leaf': 0.0, 'n_estimators': 100, 'n_jobs': None, 'oob_score': False, 'random_state': None, 'verbose': 0, 'warm_start': False}