{
    "accuracy": 0.5561182593652194,
    "precision": 0.12208999890824787,
    "recall": 0.5558121857092738,
    "f1": 0.20020324668144504,
    "roc_auc": 0.5559822179613763,
    "precision_recall_auc": 0.36115029335377286,
    "fbeta_0.5": 0.14466803438367506,
    "fbeta_2": 0.32494214248843706,
    "fbeta_3": 0.4101184556540949,
    "fbeta_4": 0.4597405036011136
}{'bootstrap': True, 'ccp_alpha': 0.0, 'class_weight': None, 'criterion': 'gini', 'max_depth': None, 'max_features': 'sqrt', 'max_leaf_nodes': None, 'max_samples': None, 'min_impurity_decrease': 0.0, 'min_samples_leaf': 10, 'min_samples_split': 2, 'min_weight_fraction_leaf': 0.0, 'n_estimators': 100, 'n_jobs': None, 'oob_score': False, 'random_state': None, 'verbose': 0, 'warm_start': False}