{
    "accuracy": 0.5369158700982183,
    "precision": 0.36602090406763865,
    "recall": 0.5988780567507216,
    "f1": 0.4543520029750222,
    "roc_auc": 0.5531874499224816,
    "precision_recall_auc": 0.5470175508481379,
    "fbeta_0.5": 0.3968844068750948,
    "fbeta_2": 0.5312795933749493,
    "fbeta_3": 0.5630571813345213,
    "fbeta_4": 0.5772748889808472
}{'bootstrap': True, 'ccp_alpha': 0.0, 'class_weight': None, 'criterion': 'gini', 'max_depth': None, 'max_features': 'sqrt', 'max_leaf_nodes': None, 'max_samples': None, 'min_impurity_decrease': 0.0, 'min_samples_leaf': 5, 'min_samples_split': 2, 'min_weight_fraction_leaf': 0.0, 'n_estimators': 100, 'n_jobs': None, 'oob_score': False, 'random_state': None, 'verbose': 0, 'warm_start': False}