{
    "accuracy": 0.5426490984743412,
    "precision": 0.29610915807662513,
    "recall": 0.6065813885362757,
    "f1": 0.39795321871571676,
    "roc_auc": 0.5640057901976168,
    "precision_recall_auc": 0.5003634498156847,
    "fbeta_0.5": 0.32987807468456604,
    "fbeta_2": 0.5014307566260781,
    "fbeta_3": 0.5490166618425907,
    "fbeta_4": 0.5713427805106994
}{'bootstrap': True, 'ccp_alpha': 0.0, 'class_weight': None, 'criterion': 'gini', 'max_depth': None, 'max_features': 'sqrt', 'max_leaf_nodes': None, 'max_samples': None, 'min_impurity_decrease': 0.0, 'min_samples_leaf': 5, 'min_samples_split': 2, 'min_weight_fraction_leaf': 0.0, 'n_estimators': 100, 'n_jobs': None, 'oob_score': False, 'random_state': None, 'verbose': 0, 'warm_start': False}{'n_estimators': 100, 'min_samples_leaf': 5}