{
    "accuracy": 0.5379766625657151,
    "precision": 0.19110253105011393,
    "recall": 0.5490013689494191,
    "f1": 0.2835157365236897,
    "roc_auc": 0.5423878168186277,
    "precision_recall_auc": 0.4075990354505449,
    "fbeta_0.5": 0.2197545122701714,
    "fbeta_2": 0.3994009177755817,
    "fbeta_3": 0.46240219722715376,
    "fbeta_4": 0.49452217216030353
}{'bootstrap': True, 'ccp_alpha': 0.0, 'class_weight': None, 'criterion': 'gini', 'max_depth': None, 'max_features': 'sqrt', 'max_leaf_nodes': None, 'max_samples': None, 'min_impurity_decrease': 0.0, 'min_samples_leaf': 5, 'min_samples_split': 2, 'min_weight_fraction_leaf': 0.0, 'n_estimators': 100, 'n_jobs': None, 'oob_score': False, 'random_state': None, 'verbose': 0, 'warm_start': False}{'n_estimators': 100, 'min_samples_leaf': 5}