{
    "accuracy": 0.5183476184770761,
    "precision": 0.15001101104581754,
    "recall": 0.5878145153964938,
    "f1": 0.23902303892146454,
    "roc_auc": 0.5479512138159148,
    "precision_recall_auc": 0.39543403605522487,
    "fbeta_0.5": 0.1762678208571444,
    "fbeta_2": 0.37116645349270716,
    "fbeta_3": 0.45501847496299735,
    "fbeta_4": 0.5016873211496586
}{'activation': 'relu', 'alpha': 0.0001, 'batch_size': 100, 'beta_1': 0.9, 'beta_2': 0.999, 'early_stopping': False, 'epsilon': 1e-08, 'hidden_layer_sizes': (30,), 'learning_rate': 'constant', 'learning_rate_init': 0.001, 'max_fun': 15000, 'max_iter': 200, 'momentum': 0.9, 'n_iter_no_change': 10, 'nesterovs_momentum': True, 'power_t': 0.5, 'random_state': None, 'shuffle': True, 'solver': 'adam', 'tol': 0.0001, 'validation_fraction': 0.1, 'verbose': False, 'warm_start': False}{'hidden_layer_sizes': (30,), 'batch_size': 100}