{
    "accuracy": 0.5152061531807701,
    "precision": 0.3417607941348507,
    "recall": 0.5462756204273551,
    "f1": 0.42046832042535204,
    "roc_auc": 0.5233651505259634,
    "precision_recall_auc": 0.5170536225535921,
    "fbeta_0.5": 0.3694216296514554,
    "fbeta_2": 0.4878841679435108,
    "fbeta_3": 0.515431424692849,
    "fbeta_4": 0.5277001073373679
}{'bootstrap': True, 'ccp_alpha': 0.0, 'class_weight': None, 'criterion': 'gini', 'max_depth': None, 'max_features': 'sqrt', 'max_leaf_nodes': None, 'max_samples': None, 'min_impurity_decrease': 0.0, 'min_samples_leaf': 5, 'min_samples_split': 2, 'min_weight_fraction_leaf': 0.0, 'n_estimators': 100, 'n_jobs': None, 'oob_score': False, 'random_state': None, 'verbose': 0, 'warm_start': False}