{
    "accuracy": 0.5571118390868418,
    "precision": 0.11733286376709515,
    "recall": 0.5259911121506257,
    "f1": 0.1918661384153527,
    "roc_auc": 0.5432795235680805,
    "precision_recall_auc": 0.345351558586306,
    "fbeta_0.5": 0.13891891724938846,
    "fbeta_2": 0.3100303637096802,
    "fbeta_3": 0.3901172888897563,
    "fbeta_4": 0.43655196924908335
}{'bootstrap': True, 'ccp_alpha': 0.0, 'class_weight': None, 'criterion': 'gini', 'max_depth': None, 'max_features': 'sqrt', 'max_leaf_nodes': None, 'max_samples': None, 'min_impurity_decrease': 0.0, 'min_samples_leaf': 10, 'min_samples_split': 2, 'min_weight_fraction_leaf': 0.0, 'n_estimators': 100, 'n_jobs': None, 'oob_score': False, 'random_state': None, 'verbose': 0, 'warm_start': False}