{
    "precision_macro": 0.14285714285714288,
    "recall_macro": 0.14285714285714288,
    "f1_macro": 0.14285714285714288,
    "fbeta_0.5_macro": 0.14285714285714285,
    "fbeta_2_macro": 0.14285714285714285,
    "fbeta_3_macro": 0.14285714285714285,
    "fbeta_4_macro": 0.14285714285714285,
    "precision_weighted": 0.43979399828213245,
    "recall_weighted": 0.43979399828213245,
    "f1_weighted": 0.43979399828213245,
    "fbeta_0.5_weighted": 0.43979399828213245,
    "fbeta_2_weighted": 0.43979399828213245,
    "fbeta_3_weighted": 0.43979399828213245,
    "fbeta_4_weighted": 0.4397939982821324,
    "precision_micro": 0.43979399828213245,
    "recall_micro": 0.43979399828213245,
    "f1_micro": 0.43979399828213245,
    "fbeta_{}_micro": 0.43979399828213245
}