{
    "accuracy": 0.4635166293100173,
    "precision_micro": 0.4635166293100173,
    "recall_micro": 0.4635166293100173,
    "f1_micro": 0.4635166293100173,
    "fbeta_micro_0.5": 0.4635166293100173,
    "fbeta_micro_2": 0.4635166293100173,
    "fbeta_micro_3": 0.4635166293100173,
    "fbeta_micro_4": 0.4635166293100173,
    "precision_macro": 0.27899667346529455,
    "recall_macro": 0.2721652050413978,
    "f1_macro": 0.2602581724795395,
    "fbeta_macro_0.5": 0.25883942764105555,
    "fbeta_macro_2": 0.266103112219759,
    "fbeta_macro_3": 0.2689121186343137,
    "fbeta_macro_4": 0.2701966737291231,
    "precision_weighted": 0.441205495418885,
    "recall_weighted": 0.4635166293100173,
    "f1_weighted": 0.44490592838086546,
    "fbeta_weighted_0.5": 0.43905950056856424,
    "fbeta_weighted_2": 0.4545964652014763,
    "fbeta_weighted_3": 0.4587840663256375,
    "fbeta_weighted_4": 0.4606639689347288
}{'C': 1.0, 'class_weight': None, 'dual': False, 'fit_intercept': True, 'intercept_scaling': 1, 'l1_ratio': None, 'max_iter': 100, 'multi_class': 'multinomial', 'n_jobs': None, 'penalty': 'l2', 'random_state': 0, 'solver': 'saga', 'tol': 0.0001, 'verbose': 0, 'warm_start': False}