{
    "accuracy": 0.6528371900602332,
    "precision_micro": 0.6528371900602332,
    "recall_micro": 0.6528371900602332,
    "f1_micro": 0.6528371900602332,
    "fbeta_micro_0.5": 0.6528371900602332,
    "fbeta_micro_2": 0.6528371900602332,
    "fbeta_micro_3": 0.6528371900602332,
    "fbeta_micro_4": 0.6528371900602332,
    "precision_macro": 0.3676504022259914,
    "recall_macro": 0.3688389482427929,
    "f1_macro": 0.35175757142938197,
    "fbeta_macro_0.5": 0.35828913295990467,
    "fbeta_macro_2": 0.3559269657551209,
    "fbeta_macro_3": 0.36094652758717655,
    "fbeta_macro_4": 0.36379027081222315,
    "precision_weighted": 0.7274042708711239,
    "recall_weighted": 0.6528371900602332,
    "f1_weighted": 0.6831216554129355,
    "fbeta_weighted_0.5": 0.7082651214878783,
    "fbeta_weighted_2": 0.6626877229987146,
    "fbeta_weighted_3": 0.6572658392394962,
    "fbeta_weighted_4": 0.6553054209780872
}{'bootstrap': True, 'ccp_alpha': 0.0, 'class_weight': None, 'criterion': 'gini', 'max_depth': None, 'max_features': 'sqrt', 'max_leaf_nodes': None, 'max_samples': None, 'min_impurity_decrease': 0.0, 'min_samples_leaf': 10, 'min_samples_split': 2, 'min_weight_fraction_leaf': 0.0, 'n_estimators': 100, 'n_jobs': None, 'oob_score': False, 'random_state': None, 'verbose': 0, 'warm_start': False}{'n_estimators': 100, 'min_samples_leaf': 10}