{
    "accuracy": 0.3014666990067125,
    "precision_micro": 0.3014666990067125,
    "recall_micro": 0.3014666990067125,
    "f1_micro": 0.3014666990067125,
    "fbeta_micro_0.5": 0.3014666990067125,
    "fbeta_micro_2": 0.3014666990067125,
    "fbeta_micro_3": 0.3014666990067125,
    "fbeta_micro_4": 0.3014666990067125,
    "precision_macro": 0.34404804516914744,
    "recall_macro": 0.3668608532827761,
    "f1_macro": 0.235788373552972,
    "fbeta_macro_0.5": 0.26852999736762034,
    "fbeta_macro_2": 0.26731480721898065,
    "fbeta_macro_3": 0.302261302318715,
    "fbeta_macro_4": 0.323903002297435,
    "precision_weighted": 0.7165080466800235,
    "recall_weighted": 0.3014666990067125,
    "f1_weighted": 0.35944993180112067,
    "fbeta_weighted_0.5": 0.5031291251918526,
    "fbeta_weighted_2": 0.3004046736453638,
    "fbeta_weighted_3": 0.2952089485387838,
    "fbeta_weighted_4": 0.2960043525583351
}{'alpha': 1e-05, 'class_prior': None, 'fit_prior': True, 'force_alpha': True}{'force_alpha': True, 'fit_prior': True, 'alpha': 1e-05}