{
    "accuracy": 0.1724269938076605,
    "precision_micro": 0.1724269938076605,
    "recall_micro": 0.1724269938076605,
    "f1_micro": 0.1724269938076605,
    "fbeta_micro_0.5": 0.1724269938076605,
    "fbeta_micro_2": 0.1724269938076605,
    "fbeta_micro_3": 0.17242699380766047,
    "fbeta_micro_4": 0.1724269938076605,
    "precision_macro": 0.14987746954651307,
    "recall_macro": 0.1767760054903663,
    "f1_macro": 0.10796702504286988,
    "fbeta_macro_0.5": 0.12092170142634075,
    "fbeta_macro_2": 0.11638414005704634,
    "fbeta_macro_3": 0.1280796096251452,
    "fbeta_macro_4": 0.13686672683616452,
    "precision_weighted": 0.45239012186903216,
    "recall_weighted": 0.1724269938076605,
    "f1_weighted": 0.22509110743097147,
    "fbeta_weighted_0.5": 0.31409157585233083,
    "fbeta_weighted_2": 0.18412213828684904,
    "fbeta_weighted_3": 0.17646107969342986,
    "fbeta_weighted_4": 0.17421472275276328
}{'ccp_alpha': 0.0, 'class_weight': None, 'criterion': 'gini', 'max_depth': None, 'max_features': None, 'max_leaf_nodes': None, 'min_impurity_decrease': 0.0, 'min_samples_leaf': 1, 'min_samples_split': 2, 'min_weight_fraction_leaf': 0.0, 'random_state': 0, 'splitter': 'best'}