{
    "accuracy": 0.27777388878272985,
    "precision_micro": 0.27777388878272985,
    "recall_micro": 0.27777388878272985,
    "f1_micro": 0.27777388878272985,
    "fbeta_micro_0.5": 0.27777388878272985,
    "fbeta_micro_2": 0.27777388878272985,
    "fbeta_micro_3": 0.27777388878272985,
    "fbeta_micro_4": 0.27777388878272985,
    "precision_macro": 0.3427443610145942,
    "recall_macro": 0.37068139566008074,
    "f1_macro": 0.21033892664579937,
    "fbeta_macro_0.5": 0.25106395573356116,
    "fbeta_macro_2": 0.24024352069919383,
    "fbeta_macro_3": 0.28103537579550425,
    "fbeta_macro_4": 0.3089068983580339,
    "precision_weighted": 0.7804838093078937,
    "recall_weighted": 0.27777388878272985,
    "f1_weighted": 0.35135684184194776,
    "fbeta_weighted_0.5": 0.5174525812488243,
    "fbeta_weighted_2": 0.28110442716256634,
    "fbeta_weighted_3": 0.27269352758414184,
    "fbeta_weighted_4": 0.2724943957138031
}{'alpha': 1e-05, 'class_prior': None, 'fit_prior': True, 'force_alpha': True}{'force_alpha': True, 'fit_prior': True, 'alpha': 1e-05}