{
    "accuracy": 0.3334950335625385,
    "precision_micro": 0.3334950335625385,
    "recall_micro": 0.3334950335625385,
    "f1_micro": 0.3334950335625385,
    "fbeta_micro_0.5": 0.3334950335625385,
    "fbeta_micro_2": 0.3334950335625385,
    "fbeta_micro_3": 0.3334950335625385,
    "fbeta_micro_4": 0.3334950335625385,
    "precision_macro": 0.2798454176096545,
    "recall_macro": 0.28704969953842174,
    "f1_macro": 0.26935847437908905,
    "fbeta_macro_0.5": 0.27275796081003245,
    "fbeta_macro_2": 0.2754822524261564,
    "fbeta_macro_3": 0.2803058760570921,
    "fbeta_macro_4": 0.2828227281674544,
    "precision_weighted": 0.4115416217353961,
    "recall_weighted": 0.3334950335625385,
    "f1_weighted": 0.35810932866925127,
    "fbeta_weighted_0.5": 0.3861152082707416,
    "fbeta_weighted_2": 0.3400365404158907,
    "fbeta_weighted_3": 0.3361605208630734,
    "fbeta_weighted_4": 0.3349072179453348
}{'ccp_alpha': 0.0, 'class_weight': None, 'criterion': 'gini', 'max_depth': None, 'max_features': None, 'max_leaf_nodes': None, 'min_impurity_decrease': 0.0, 'min_samples_leaf': 1, 'min_samples_split': 2, 'min_weight_fraction_leaf': 0.0, 'random_state': 0, 'splitter': 'best'}