{
    "accuracy": 0.38982802863898,
    "precision_micro": 0.38982802863898,
    "recall_micro": 0.38982802863898,
    "f1_micro": 0.38982802863898,
    "fbeta_micro_0.5": 0.38982802863898,
    "fbeta_micro_2": 0.38982802863898,
    "fbeta_micro_3": 0.3898280286389799,
    "fbeta_micro_4": 0.38982802863898,
    "precision_macro": 0.2659028985475132,
    "recall_macro": 0.26978714097421025,
    "f1_macro": 0.23228753243503883,
    "fbeta_macro_0.5": 0.24056650026875875,
    "fbeta_macro_2": 0.24406230265003065,
    "fbeta_macro_3": 0.25421574806084934,
    "fbeta_macro_4": 0.2598145846299949,
    "precision_weighted": 0.5264106161641219,
    "recall_weighted": 0.38982802863898,
    "f1_weighted": 0.4156059019141684,
    "fbeta_weighted_0.5": 0.46817826489529024,
    "fbeta_weighted_2": 0.39121745884011994,
    "fbeta_weighted_3": 0.3888577445154572,
    "fbeta_weighted_4": 0.3888190298471089
}{'alpha': 1000, 'class_prior': None, 'fit_prior': True, 'force_alpha': True}{'force_alpha': True, 'fit_prior': True, 'alpha': 1000}