{
    "accuracy": 0.5488235150984256,
    "precision": 0.4220236379360046,
    "recall": 0.4894995780725078,
    "f1": 0.45326413870378013,
    "roc_auc": 0.5375013862837706,
    "precision_recall_auc": 0.5532839332348084,
    "fbeta_0.5": 0.4339884190704201,
    "fbeta_2": 0.474331717462208,
    "fbeta_3": 0.48179629908229277,
    "fbeta_4": 0.4849386830660972
}{'bootstrap': True, 'ccp_alpha': 0.0, 'class_weight': None, 'criterion': 'gini', 'max_depth': None, 'max_features': 'sqrt', 'max_leaf_nodes': None, 'max_samples': None, 'min_impurity_decrease': 0.0, 'min_samples_leaf': 5, 'min_samples_split': 2, 'min_weight_fraction_leaf': 0.0, 'n_estimators': 100, 'n_jobs': None, 'oob_score': False, 'random_state': None, 'verbose': 0, 'warm_start': False}