{
    "accuracy": 0.374528554395698,
    "precision_micro": 0.374528554395698,
    "recall_micro": 0.374528554395698,
    "f1_micro": 0.37452855439569793,
    "fbeta_micro_0.5": 0.374528554395698,
    "fbeta_micro_2": 0.374528554395698,
    "fbeta_micro_3": 0.374528554395698,
    "fbeta_micro_4": 0.374528554395698,
    "precision_macro": 0.3640284402255968,
    "recall_macro": 0.3643488961789714,
    "f1_macro": 0.3067259608335251,
    "fbeta_macro_0.5": 0.2937117392193009,
    "fbeta_macro_2": 0.3371801881446001,
    "fbeta_macro_3": 0.3500363332883219,
    "fbeta_macro_4": 0.3557456741665284,
    "precision_weighted": 0.3647007936256417,
    "recall_weighted": 0.374528554395698,
    "f1_weighted": 0.3143695552880435,
    "fbeta_weighted_0.5": 0.29960912843633464,
    "fbeta_weighted_2": 0.3462660914252422,
    "fbeta_weighted_3": 0.35964831342411185,
    "fbeta_weighted_4": 0.36558575521689957
}{'C': 1.0, 'class_weight': None, 'dual': False, 'fit_intercept': True, 'intercept_scaling': 1, 'l1_ratio': None, 'max_iter': 100, 'multi_class': 'multinomial', 'n_jobs': None, 'penalty': 'l2', 'random_state': 0, 'solver': 'saga', 'tol': 0.0001, 'verbose': 0, 'warm_start': False}