{
    "accuracy": 0.4348614254081806,
    "precision_micro": 0.4348614254081806,
    "recall_micro": 0.4348614254081806,
    "f1_micro": 0.43486142540818057,
    "fbeta_micro_0.5": 0.4348614254081806,
    "fbeta_micro_2": 0.4348614254081806,
    "fbeta_micro_3": 0.4348614254081806,
    "fbeta_micro_4": 0.4348614254081806,
    "precision_macro": 0.3683132045703547,
    "recall_macro": 0.3853726255282406,
    "f1_macro": 0.35783086344250387,
    "fbeta_macro_0.5": 0.3607028314129916,
    "fbeta_macro_2": 0.36755829261463463,
    "fbeta_macro_3": 0.3749034645865889,
    "fbeta_macro_4": 0.37877713878802594,
    "precision_weighted": 0.526367669879408,
    "recall_weighted": 0.4348614254081806,
    "f1_weighted": 0.46534629887176626,
    "fbeta_weighted_0.5": 0.4979164436746591,
    "fbeta_weighted_2": 0.4433480665370269,
    "fbeta_weighted_3": 0.4384063060265278,
    "fbeta_weighted_4": 0.4367643983212806
}{'ccp_alpha': 0.0, 'class_weight': None, 'criterion': 'gini', 'max_depth': None, 'max_features': None, 'max_leaf_nodes': None, 'min_impurity_decrease': 0.0, 'min_samples_leaf': 1, 'min_samples_split': 2, 'min_weight_fraction_leaf': 0.0, 'random_state': 0, 'splitter': 'best'}