{
    "accuracy": 0.4942198005521602,
    "precision_micro": 0.4942198005521602,
    "recall_micro": 0.4942198005521602,
    "f1_micro": 0.4942198005521602,
    "fbeta_micro_0.5": 0.49421980055216025,
    "fbeta_micro_2": 0.49421980055216025,
    "fbeta_micro_3": 0.4942198005521603,
    "fbeta_micro_4": 0.4942198005521602,
    "precision_macro": 0.39322206766692336,
    "recall_macro": 0.3839060198961605,
    "f1_macro": 0.3713436081938976,
    "fbeta_macro_0.5": 0.3794528669346926,
    "fbeta_macro_2": 0.3748551410600629,
    "fbeta_macro_3": 0.37863972332203016,
    "fbeta_macro_4": 0.38061952035279334,
    "precision_weighted": 0.5261972302345213,
    "recall_weighted": 0.4942198005521602,
    "f1_weighted": 0.4977899534335157,
    "fbeta_weighted_0.5": 0.5118002545895382,
    "fbeta_weighted_2": 0.49236798241999213,
    "fbeta_weighted_3": 0.49267803035657176,
    "fbeta_weighted_4": 0.4931554903026201
}{'activation': 'relu', 'alpha': 0.0001, 'batch_size': 200, 'beta_1': 0.9, 'beta_2': 0.999, 'early_stopping': False, 'epsilon': 1e-08, 'hidden_layer_sizes': (20,), 'learning_rate': 'constant', 'learning_rate_init': 0.001, 'max_fun': 15000, 'max_iter': 200, 'momentum': 0.9, 'n_iter_no_change': 10, 'nesterovs_momentum': True, 'power_t': 0.5, 'random_state': None, 'shuffle': True, 'solver': 'adam', 'tol': 0.0001, 'validation_fraction': 0.1, 'verbose': False, 'warm_start': False}{'hidden_layer_sizes': (20,), 'batch_size': 200}