{
    "accuracy": 0.5097026546949899,
    "precision_micro": 0.5097026546949899,
    "recall_micro": 0.5097026546949899,
    "f1_micro": 0.5097026546949899,
    "fbeta_micro_0.5": 0.5097026546949899,
    "fbeta_micro_2": 0.5097026546949899,
    "fbeta_micro_3": 0.5097026546949899,
    "fbeta_micro_4": 0.5097026546949899,
    "precision_macro": 0.4076750218036181,
    "recall_macro": 0.33721408506404643,
    "f1_macro": 0.24384451848810926,
    "fbeta_macro_0.5": 0.23190926474075046,
    "fbeta_macro_2": 0.2890480287670999,
    "fbeta_macro_3": 0.3108898397809832,
    "fbeta_macro_4": 0.3211280338181806,
    "precision_weighted": 0.4356373355659473,
    "recall_weighted": 0.5097026546949899,
    "f1_weighted": 0.35884627632633626,
    "fbeta_weighted_0.5": 0.321385125677963,
    "fbeta_weighted_2": 0.43380832615433357,
    "fbeta_weighted_3": 0.46841574929125085,
    "fbeta_weighted_4": 0.4845141693382589
}{'activation': 'relu', 'alpha': 0.0001, 'batch_size': 200, 'beta_1': 0.9, 'beta_2': 0.999, 'early_stopping': False, 'epsilon': 1e-08, 'hidden_layer_sizes': (15,), 'learning_rate': 'constant', 'learning_rate_init': 0.001, 'max_fun': 15000, 'max_iter': 200, 'momentum': 0.9, 'n_iter_no_change': 10, 'nesterovs_momentum': True, 'power_t': 0.5, 'random_state': None, 'shuffle': True, 'solver': 'adam', 'tol': 0.0001, 'validation_fraction': 0.1, 'verbose': False, 'warm_start': False}{'hidden_layer_sizes': (15,), 'batch_size': 200}