{
    "accuracy": 0.4949996350098547,
    "precision_micro": 0.4949996350098547,
    "recall_micro": 0.4949996350098547,
    "f1_micro": 0.4949996350098547,
    "fbeta_micro_0.5": 0.49499963500985467,
    "fbeta_micro_2": 0.49499963500985467,
    "fbeta_micro_3": 0.49499963500985467,
    "fbeta_micro_4": 0.4949996350098548,
    "precision_macro": 0.3976789039306619,
    "recall_macro": 0.39036134142596474,
    "f1_macro": 0.3719277494321824,
    "fbeta_macro_0.5": 0.38161153762010175,
    "fbeta_macro_2": 0.3772076980842311,
    "fbeta_macro_3": 0.38266326285287494,
    "fbeta_macro_4": 0.38554159452832576,
    "precision_weighted": 0.5457640371829537,
    "recall_weighted": 0.4949996350098547,
    "f1_weighted": 0.5016016360165261,
    "fbeta_weighted_0.5": 0.5236554336831755,
    "fbeta_weighted_2": 0.492530712746685,
    "fbeta_weighted_3": 0.49278284899602587,
    "fbeta_weighted_4": 0.49344159379313096
}{'bootstrap': True, 'ccp_alpha': 0.0, 'class_weight': None, 'criterion': 'gini', 'max_depth': None, 'max_features': 'sqrt', 'max_leaf_nodes': None, 'max_samples': None, 'min_impurity_decrease': 0.0, 'min_samples_leaf': 10, 'min_samples_split': 2, 'min_weight_fraction_leaf': 0.0, 'n_estimators': 100, 'n_jobs': None, 'oob_score': False, 'random_state': None, 'verbose': 0, 'warm_start': False}{'n_estimators': 100, 'min_samples_leaf': 10}