{
    "precision_macro": 0.3333333333333333,
    "recall_macro": 0.3333333333333333,
    "f1_macro": 0.3333333333333333,
    "fbeta_0.5_macro": 0.3333333333333333,
    "fbeta_2_macro": 0.3333333333333333,
    "fbeta_3_macro": 0.3333333333333333,
    "fbeta_4_macro": 0.3333333333333333,
    "precision_weighted": 0.383992070282342,
    "recall_weighted": 0.383992070282342,
    "f1_weighted": 0.383992070282342,
    "fbeta_0.5_weighted": 0.383992070282342,
    "fbeta_2_weighted": 0.383992070282342,
    "fbeta_3_weighted": 0.383992070282342,
    "fbeta_4_weighted": 0.38399207028234195,
    "precision_micro": 0.38399207028234195,
    "recall_micro": 0.38399207028234195,
    "f1_micro": 0.3839920702823419,
    "fbeta_{}_micro": 0.3839920702823419
}