{
    "accuracy": 0.44826873007762125,
    "precision_micro": 0.44826873007762125,
    "recall_micro": 0.44826873007762125,
    "f1_micro": 0.4482687300776213,
    "fbeta_micro_0.5": 0.44826873007762125,
    "fbeta_micro_2": 0.44826873007762125,
    "fbeta_micro_3": 0.44826873007762125,
    "fbeta_micro_4": 0.44826873007762125,
    "precision_macro": 0.36160532856652833,
    "recall_macro": 0.35117451579405873,
    "f1_macro": 0.3237937887097689,
    "fbeta_macro_0.5": 0.3316944400417262,
    "fbeta_macro_2": 0.3339617151322332,
    "fbeta_macro_3": 0.3412989638935915,
    "fbeta_macro_4": 0.3450268638501584,
    "precision_weighted": 0.48144951611180425,
    "recall_weighted": 0.44826873007762125,
    "f1_weighted": 0.44508776053389976,
    "fbeta_weighted_0.5": 0.45920577402075863,
    "fbeta_weighted_2": 0.442580484330801,
    "fbeta_weighted_3": 0.44452309778028465,
    "fbeta_weighted_4": 0.445825205436242
}{'alpha': 1e-05, 'class_prior': None, 'fit_prior': True, 'force_alpha': True}{'force_alpha': True, 'fit_prior': True, 'alpha': 1e-05}