{
    "precision_macro": 0.3333333333333333,
    "recall_macro": 0.3333333333333333,
    "f1_macro": 0.3333333333333333,
    "fbeta_0.5_macro": 0.3333333333333334,
    "fbeta_2_macro": 0.3333333333333334,
    "fbeta_3_macro": 0.3333333333333334,
    "fbeta_4_macro": 0.3333333333333333,
    "precision_weighted": 0.4695419499520142,
    "recall_weighted": 0.4695419499520142,
    "f1_weighted": 0.4695419499520142,
    "fbeta_0.5_weighted": 0.46954194995201426,
    "fbeta_2_weighted": 0.46954194995201426,
    "fbeta_3_weighted": 0.46954194995201426,
    "fbeta_4_weighted": 0.4695419499520142,
    "precision_micro": 0.46954194995201415,
    "recall_micro": 0.46954194995201415,
    "f1_micro": 0.46954194995201415,
    "fbeta_{}_micro": 0.46954194995201415
}