{
    "accuracy": 0.20951042655181643,
    "precision_micro": 0.20951042655181643,
    "recall_micro": 0.20951042655181643,
    "f1_micro": 0.20951042655181643,
    "fbeta_micro_0.5": 0.20951042655181643,
    "fbeta_micro_2": 0.20951042655181643,
    "fbeta_micro_3": 0.20951042655181643,
    "fbeta_micro_4": 0.20951042655181643,
    "precision_macro": 0.1694268118362743,
    "recall_macro": 0.1745197211051119,
    "f1_macro": 0.15112700595701803,
    "fbeta_macro_0.5": 0.15785323866793455,
    "fbeta_macro_2": 0.1565765099025817,
    "fbeta_macro_3": 0.16276350057624495,
    "fbeta_macro_4": 0.16657455436627017,
    "precision_weighted": 0.31214191943820996,
    "recall_weighted": 0.20951042655181643,
    "f1_weighted": 0.235335498610396,
    "fbeta_weighted_0.5": 0.2723839575220946,
    "fbeta_weighted_2": 0.21502379876086286,
    "fbeta_weighted_3": 0.21135791677469423,
    "fbeta_weighted_4": 0.2103498179150333
}{'activation': 'relu', 'alpha': 0.0001, 'batch_size': 100, 'beta_1': 0.9, 'beta_2': 0.999, 'early_stopping': False, 'epsilon': 1e-08, 'hidden_layer_sizes': (30,), 'learning_rate': 'constant', 'learning_rate_init': 0.001, 'max_fun': 15000, 'max_iter': 200, 'momentum': 0.9, 'n_iter_no_change': 10, 'nesterovs_momentum': True, 'power_t': 0.5, 'random_state': None, 'shuffle': True, 'solver': 'adam', 'tol': 0.0001, 'validation_fraction': 0.1, 'verbose': False, 'warm_start': False}{'hidden_layer_sizes': (30,), 'batch_size': 100}