{
    "accuracy": 0.5062052594769029,
    "precision": 0.10853386869868145,
    "recall": 0.5865983376540075,
    "f1": 0.1831760530614885,
    "roc_auc": 0.5422122978385726,
    "precision_recall_auc": 0.3670761402521313,
    "fbeta_0.5": 0.12966939805159894,
    "fbeta_2": 0.311862829375031,
    "fbeta_3": 0.40722565203879524,
    "fbeta_4": 0.4658859422787946
}{'C': 1.0, 'class_weight': None, 'dual': False, 'fit_intercept': True, 'intercept_scaling': 1, 'l1_ratio': None, 'max_iter': 100, 'multi_class': 'auto', 'n_jobs': None, 'penalty': 'l2', 'random_state': 0, 'solver': 'saga', 'tol': 0.0001, 'verbose': 0, 'warm_start': False}