{
    "accuracy": 0.5094076892369224,
    "precision": 0.143805170375878,
    "recall": 0.5788863974225753,
    "f1": 0.2303800423830262,
    "roc_auc": 0.5391004856080187,
    "precision_recall_auc": 0.38805340483698736,
    "fbeta_0.5": 0.16924559595433952,
    "fbeta_2": 0.360654823671535,
    "fbeta_3": 0.4444257833523549,
    "fbeta_4": 0.49142709311185634
}{'activation': 'relu', 'alpha': 0.0001, 'batch_size': 200, 'beta_1': 0.9, 'beta_2': 0.999, 'early_stopping': False, 'epsilon': 1e-08, 'hidden_layer_sizes': (20,), 'learning_rate': 'constant', 'learning_rate_init': 0.001, 'max_fun': 15000, 'max_iter': 200, 'momentum': 0.9, 'n_iter_no_change': 10, 'nesterovs_momentum': True, 'power_t': 0.5, 'random_state': None, 'shuffle': True, 'solver': 'adam', 'tol': 0.0001, 'validation_fraction': 0.1, 'verbose': False, 'warm_start': False}