{
    "accuracy": 0.5299800526086432,
    "precision": 0.2672355056770344,
    "recall": 0.6056193561728821,
    "f1": 0.37083598194470124,
    "roc_auc": 0.5565844246923172,
    "precision_recall_auc": 0.48152884225177195,
    "fbeta_0.5": 0.3008555170839055,
    "fbeta_2": 0.4832399604331235,
    "fbeta_3": 0.5375524078294011,
    "fbeta_4": 0.5636370689847764
}{'bootstrap': True, 'ccp_alpha': 0.0, 'class_weight': None, 'criterion': 'gini', 'max_depth': None, 'max_features': 'sqrt', 'max_leaf_nodes': None, 'max_samples': None, 'min_impurity_decrease': 0.0, 'min_samples_leaf': 5, 'min_samples_split': 2, 'min_weight_fraction_leaf': 0.0, 'n_estimators': 100, 'n_jobs': None, 'oob_score': False, 'random_state': None, 'verbose': 0, 'warm_start': False}