{
    "accuracy": 0.46121168893168885,
    "precision": 0.12585299979552722,
    "recall": 0.5949418181625055,
    "f1": 0.20775735522536984,
    "roc_auc": 0.519067079634473,
    "precision_recall_auc": 0.3844465339235982,
    "fbeta_0.5": 0.1494145249041992,
    "fbeta_2": 0.34085197018104363,
    "fbeta_3": 0.43340123302749445,
    "fbeta_4": 0.48795659845266814
}{'alpha': 0.1, 'class_prior': None, 'fit_prior': True, 'force_alpha': True, 'norm': False}