{
    "accuracy": 0.5395602240313406,
    "precision": 0.13441973882545677,
    "recall": 0.5290271869307288,
    "f1": 0.21437041468763382,
    "roc_auc": 0.5350033378588087,
    "precision_recall_auc": 0.3596860730286221,
    "fbeta_0.5": 0.15798888288647803,
    "fbeta_2": 0.33332374064126924,
    "fbeta_3": 0.4089688204897444,
    "fbeta_4": 0.45112491511620256
}{'ccp_alpha': 0.0, 'class_weight': None, 'criterion': 'gini', 'max_depth': None, 'max_features': None, 'max_leaf_nodes': None, 'min_impurity_decrease': 0.0, 'min_samples_leaf': 1, 'min_samples_split': 2, 'min_weight_fraction_leaf': 0.0, 'random_state': 0, 'splitter': 'best'}