{
    "accuracy": 0.5525522002988009,
    "precision": 0.08925839315241162,
    "recall": 0.5117536757900836,
    "f1": 0.152004637348584,
    "roc_auc": 0.533887419442203,
    "precision_recall_auc": 0.31963642154397576,
    "fbeta_0.5": 0.10691121577504495,
    "fbeta_2": 0.2628854813131789,
    "fbeta_3": 0.3473426566169076,
    "fbeta_4": 0.4002969743424536
}{'bootstrap': True, 'ccp_alpha': 0.0, 'class_weight': None, 'criterion': 'gini', 'max_depth': None, 'max_features': 'sqrt', 'max_leaf_nodes': None, 'max_samples': None, 'min_impurity_decrease': 0.0, 'min_samples_leaf': 10, 'min_samples_split': 2, 'min_weight_fraction_leaf': 0.0, 'n_estimators': 100, 'n_jobs': None, 'oob_score': False, 'random_state': None, 'verbose': 0, 'warm_start': False}