{
    "accuracy": 0.5333168103597783,
    "precision": 0.10675383295407916,
    "recall": 0.5353783039794746,
    "f1": 0.17801222752437063,
    "roc_auc": 0.5342401271617947,
    "precision_recall_auc": 0.3429933787347959,
    "fbeta_0.5": 0.1271060883513343,
    "fbeta_2": 0.29693507887239606,
    "fbeta_3": 0.38200178489021785,
    "fbeta_4": 0.433090620751576
}{'ccp_alpha': 0.0, 'class_weight': None, 'criterion': 'gini', 'max_depth': None, 'max_features': None, 'max_leaf_nodes': None, 'min_impurity_decrease': 0.0, 'min_samples_leaf': 1, 'min_samples_split': 2, 'min_weight_fraction_leaf': 0.0, 'random_state': 0, 'splitter': 'best'}