{
    "accuracy": 0.5219569507167628,
    "precision": 0.11367524515562825,
    "recall": 0.5980102627148087,
    "f1": 0.19103652517275418,
    "roc_auc": 0.5560202629413913,
    "fbeta_0.5": 0.13564776532722903,
    "fbeta_2": 0.32287563968719263,
    "fbeta_3": 0.41934173519199347,
    "fbeta_4": 0.4781676563342127
}{'bootstrap': True, 'ccp_alpha': 0.0, 'class_weight': None, 'criterion': 'gini', 'max_depth': None, 'max_features': 'sqrt', 'max_leaf_nodes': None, 'max_samples': None, 'min_impurity_decrease': 0.0, 'min_samples_leaf': 10, 'min_samples_split': 2, 'min_weight_fraction_leaf': 0.0, 'n_estimators': 100, 'n_jobs': None, 'oob_score': False, 'random_state': None, 'verbose': 0, 'warm_start': False}