{
    "accuracy": 0.5316260434856915,
    "precision": 0.14933850648543368,
    "recall": 0.5733477186510284,
    "f1": 0.23695731016322436,
    "roc_auc": 0.5494564441551327,
    "fbeta_0.5": 0.1752606994925984,
    "fbeta_2": 0.3656904604253397,
    "fbeta_3": 0.44655860834868416,
    "fbeta_4": 0.4912943627126663
}{'bootstrap': True, 'ccp_alpha': 0.0, 'class_weight': None, 'criterion': 'gini', 'max_depth': None, 'max_features': 'sqrt', 'max_leaf_nodes': None, 'max_samples': None, 'min_impurity_decrease': 0.0, 'min_samples_leaf': 10, 'min_samples_split': 2, 'min_weight_fraction_leaf': 0.0, 'n_estimators': 100, 'n_jobs': None, 'oob_score': False, 'random_state': None, 'verbose': 0, 'warm_start': False}