{
    "accuracy": 0.5375446735167636,
    "precision": 0.26808765723024475,
    "recall": 0.5906665747570139,
    "f1": 0.3687910052317984,
    "roc_auc": 0.5562290711750197,
    "fbeta_0.5": 0.30096014462721093,
    "fbeta_2": 0.47609374659686987,
    "fbeta_3": 0.5272274510711169,
    "fbeta_4": 0.551622745505173
}{'bootstrap': True, 'ccp_alpha': 0.0, 'class_weight': None, 'criterion': 'gini', 'max_depth': None, 'max_features': 'sqrt', 'max_leaf_nodes': None, 'max_samples': None, 'min_impurity_decrease': 0.0, 'min_samples_leaf': 5, 'min_samples_split': 2, 'min_weight_fraction_leaf': 0.0, 'n_estimators': 100, 'n_jobs': None, 'oob_score': False, 'random_state': None, 'verbose': 0, 'warm_start': False}