{
    "accuracy": 0.5387063268483815,
    "precision": 0.13878422323156417,
    "recall": 0.5541853215004594,
    "f1": 0.22197852692218512,
    "roc_auc": 0.5454029724617017,
    "fbeta_0.5": 0.16325906696677367,
    "fbeta_2": 0.34666293692911926,
    "fbeta_3": 0.4265213577462348,
    "fbeta_4": 0.471219068511025
}{'bootstrap': True, 'ccp_alpha': 0.0, 'class_weight': None, 'criterion': 'gini', 'max_depth': None, 'max_features': 'sqrt', 'max_leaf_nodes': None, 'max_samples': None, 'min_impurity_decrease': 0.0, 'min_samples_leaf': 10, 'min_samples_split': 2, 'min_weight_fraction_leaf': 0.0, 'n_estimators': 100, 'n_jobs': None, 'oob_score': False, 'random_state': None, 'verbose': 0, 'warm_start': False}