{
    "accuracy": 0.5195920212957165,
    "precision": 0.09649937846055694,
    "recall": 0.6134927852308485,
    "f1": 0.16676711516648385,
    "roc_auc": 0.5625503684962847,
    "fbeta_0.5": 0.11606029557070238,
    "fbeta_2": 0.29615931500143744,
    "fbeta_3": 0.39947492670196855,
    "fbeta_4": 0.46648270519826734
}{'bootstrap': True, 'ccp_alpha': 0.0, 'class_weight': None, 'criterion': 'gini', 'max_depth': None, 'max_features': 'sqrt', 'max_leaf_nodes': None, 'max_samples': None, 'min_impurity_decrease': 0.0, 'min_samples_leaf': 10, 'min_samples_split': 2, 'min_weight_fraction_leaf': 0.0, 'n_estimators': 100, 'n_jobs': None, 'oob_score': False, 'random_state': None, 'verbose': 0, 'warm_start': False}