{
    "accuracy": 0.5481433209525507,
    "precision": 0.3707676387144784,
    "recall": 0.5788991158796725,
    "f1": 0.4520260548455917,
    "roc_auc": 0.556219946379312,
    "precision_recall_auc": 0.5426174315114607,
    "fbeta_0.5": 0.3994936093550723,
    "fbeta_2": 0.5204660895226157,
    "fbeta_3": 0.5481296981010776,
    "fbeta_4": 0.5603944664293127
}{'bootstrap': True, 'ccp_alpha': 0.0, 'class_weight': None, 'criterion': 'gini', 'max_depth': None, 'max_features': 'sqrt', 'max_leaf_nodes': None, 'max_samples': None, 'min_impurity_decrease': 0.0, 'min_samples_leaf': 5, 'min_samples_split': 2, 'min_weight_fraction_leaf': 0.0, 'n_estimators': 100, 'n_jobs': None, 'oob_score': False, 'random_state': None, 'verbose': 0, 'warm_start': False}{'n_estimators': 100, 'min_samples_leaf': 5}