{
    "accuracy": 0.5482228028386721,
    "precision": 0.13259074242856447,
    "recall": 0.5060678000308038,
    "f1": 0.21012763742855126,
    "fbeta_0.5": 0.15554983840525463,
    "fbeta_2": 0.3237066443993149,
    "fbeta_3": 0.3948482879561887,
    "fbeta_4": 0.4341350512786635
}{'ccp_alpha': 0.0, 'class_weight': None, 'criterion': 'gini', 'max_depth': None, 'max_features': None, 'max_leaf_nodes': None, 'min_impurity_decrease': 0.0, 'min_samples_leaf': 1, 'min_samples_split': 2, 'min_weight_fraction_leaf': 0.0, 'random_state': 0, 'splitter': 'best'}