{
    "accuracy": 0.4636773554414562,
    "precision": 0.10954104259057819,
    "recall": 0.6123845164308268,
    "f1": 0.1858397657705616,
    "roc_auc": 0.5297736383117143,
    "precision_recall_auc": 0.3803346617890393,
    "fbeta_0.5": 0.13106519094745378,
    "fbeta_2": 0.31926763242610484,
    "fbeta_3": 0.4197157811210055,
    "fbeta_4": 0.48218232044198894
}{'alpha': 0, 'class_prior': None, 'fit_prior': True, 'force_alpha': True}{'force_alpha': True, 'fit_prior': True, 'alpha': 0}