{
    "accuracy": 0.5221115322460455,
    "precision": 0.35254589462748265,
    "recall": 0.5790897373055207,
    "f1": 0.4382737252854454,
    "roc_auc": 0.5370742936002889,
    "precision_recall_auc": 0.5335711861012487,
    "fbeta_0.5": 0.382470941177317,
    "fbeta_2": 0.5131414267834793,
    "fbeta_3": 0.5441246208800019,
    "fbeta_4": 0.5579976271008543
}{'C': 1.0, 'class_weight': None, 'dual': False, 'fit_intercept': True, 'intercept_scaling': 1, 'l1_ratio': None, 'max_iter': 100, 'multi_class': 'auto', 'n_jobs': None, 'penalty': 'l2', 'random_state': 0, 'solver': 'saga', 'tol': 0.0001, 'verbose': 0, 'warm_start': False}