{
    "accuracy": 0.5365622726090526,
    "precision": 0.2120406305399837,
    "recall": 0.5671264036394509,
    "f1": 0.30867281326968765,
    "roc_auc": 0.548434345973852,
    "precision_recall_auc": 0.42906808299765925,
    "fbeta_0.5": 0.242393868812637,
    "fbeta_2": 0.42483848361796694,
    "fbeta_3": 0.4857775198233835,
    "fbeta_4": 0.5162703722765483
}{'bootstrap': True, 'ccp_alpha': 0.0, 'class_weight': None, 'criterion': 'gini', 'max_depth': None, 'max_features': 'sqrt', 'max_leaf_nodes': None, 'max_samples': None, 'min_impurity_decrease': 0.0, 'min_samples_leaf': 5, 'min_samples_split': 2, 'min_weight_fraction_leaf': 0.0, 'n_estimators': 100, 'n_jobs': None, 'oob_score': False, 'random_state': None, 'verbose': 0, 'warm_start': False}{'n_estimators': 100, 'min_samples_leaf': 5}